date		Prec.	Temp	Qobs
19810101	0	-0.7	1.36
19810102	0	-3.43	1.17
19810103	0.19	-8	1.21
19810104	0.07	-9.73	1.04
19810105	0	-14.77	0.95
19810106	0	-17.7	0.89
19810107	0	-12.53	0.83
19810108	1.23	-4.87	0.77
19810109	1.66	2.73	0.71
19810110	0	-2.83	0.66
19810111	0	-4.87	0.64
19810112	1.11	1.4	0.62
19810113	0	-4.47	0.58
19810114	11.29	-4.87	0.54
19810115	4.41	-1	0.52
19810116	1.36	-4.07	0.5
19810117	1.27	-5.87	0.46
19810118	0.15	-9.97	0.5
19810119	0	-12.27	0.58
19810120	0	-16.53	0.76
19810121	1.7	-7.23	0.56
19810122	1.25	0.23	0.38
19810123	0	-1.93	0.37
19810124	0	2.83	0.43
19810125	1.04	0	0.4
19810126	0	-4.67	0.35
19810127	0	-2.8	0.32
19810128	0	-1.9	0.3
19810129	0.22	0.9	0.35
19810130	0	3.37	0.47
19810131	0.09	4.1	0.43
19810201	0	5.37	0.53
19810202	0	3.97	0.69
19810203	0	0.93	0.52
19810204	4.43	-0.77	0.35
19810205	0	-3.3	0.33
19810206	7.71	-3.47	0.32
19810207	3.46	0.1	0.31
19810208	0.15	1	0.32
19810209	0	-2.03	0.33
19810210	0	-8.17	0.32
19810211	0	-3.5	0.3
19810212	0.67	-3.13	0.28
19810213	1.15	-4.47	0.27
19810214	0.5	-3.97	0.27
19810215	0	-4.63	0.27
19810216	0	-3.87	0.26
19810217	0	-2.43	0.25
19810218	0.96	-2.77	0.25
19810219	0.05	-5.3	0.24
19810220	1.13	-7.33	0.24
19810221	1.68	-10.07	0.24
19810222	0	-13	0.27
19810223	0.7	-8.23	0.22
19810224	3.64	-2.13	0.2
19810225	0	-1.13	0.19
19810226	1.46	-4.97	0.19
19810227	0.14	-5.3	0.22
19810228	0	-6.87	0.24
19810301	0	-4.23	0.2
19810302	0	-3.13	0.19
19810303	0	-5.53	0.19
19810304	1.41	-9.27	0.19
19810305	10.19	-9.27	0.18
19810306	8.04	-9.47	0.18
19810307	11.66	-3.9	0.18
19810308	7.17	0.33	0.21
19810309	0.71	4.33	0.4
19810310	0	0.17	0.6
19810311	0	-5.3	0.37
19810312	3.08	-6.67	0.27
19810313	3.29	-2.4	0.25
19810314	0.07	-10.37	0.26
19810315	0	-9.63	0.28
19810316	0	-8.47	0.26
19810317	0	-5.27	0.25
19810318	0.81	-4.27	0.24
19810319	9.4	-0.3	0.21
19810320	0	-4.07	0.21
19810321	9.19	-5.03	0.22
19810322	0.58	5.23	1.1
19810323	0	4.53	1.97
19810324	4.86	0.87	0.76
19810325	0.84	1.43	0.69
19810326	0	0.97	0.69
19810327	0	-1.4	0.79
19810328	0	-1.67	0.64
19810329	0	0.87	0.83
19810330	0	1.3	0.79
19810331	0	3.03	1.34
19810401	0	3.3	1.38
19810402	0	3.43	1.4
19810403	0	4.9	1.69
19810404	0	4.03	1.82
19810405	0	4.43	1.97
19810406	0	7.43	2.22
19810407	0	5.73	2.36
19810408	0	4.13	2.37
19810409	0	6.83	2.49
19810410	0	6.57	2.6
19810411	0	7.5	2.6
19810412	0	8.17	2.72
19810413	0	5.7	2.84
19810414	0.07	6.97	2.6
19810415	2.5	4.7	2.6
19810416	0	2.3	2.6
19810417	0	2.73	2.49
19810418	0.36	3.67	2.49
19810419	0	4.2	2.49
19810420	0	6.23	2.37
19810421	0	0.7	2.33
19810422	0.87	-2.5	2.2
19810423	0.29	-1.57	2.06
19810424	0	0.8	1.93
19810425	0	2.17	1.86
19810426	0	3.07	1.82
19810427	5.01	4	1.7
19810428	0	1.57	1.61
19810429	4.2	2.67	1.66
19810430	25.32	1.3	1.72
19810501	20.57	0.33	1.82
19810502	1.1	0.67	1.99
19810503	0	0.77	2.08
19810504	0	2.73	2.12
19810505	0	5.43	2.49
19810506	0	7.83	2.72
19810507	0	9.27	2.49
19810508	0	10.5	2.25
19810509	0	12.23	2.06
19810510	0	15.17	2.08
19810511	0	14.8	2.08
19810512	0	11.9	2.01
19810513	0	10.73	1.91
19810514	0	12.3	1.87
19810515	0	13.33	1.82
19810516	0	12.97	1.79
19810517	0	13.2	1.7
19810518	0	14.93	1.63
19810519	0	16.53	1.6
19810520	0	14.47	1.56
19810521	0	18.23	1.51
19810522	0	18.3	1.44
19810523	0	17.9	1.35
19810524	0.52	17.8	1.3
19810525	5.5	12.27	1.25
19810526	0	14.17	1.24
19810527	12.38	10.4	1.22
19810528	0	11.57	1.21
19810529	0.19	13.7	1.11
19810530	0	13.43	1.1
19810531	0	15.17	1.01
19810601	0	16.8	0.91
19810602	0	16.4	0.89
19810603	0.55	15.67	0.85
19810604	0	14.37	0.78
19810605	0	14.33	0.73
19810606	0	14.87	0.69
19810607	4.09	12.13	0.66
19810608	0	13.2	0.62
19810609	1.6	16.83	0.59
19810610	1.02	14.5	0.57
19810611	0.44	12.47	0.5
19810612	37.65	7.87	0.63
19810613	0	8.5	0.85
19810614	0	10.3	0.69
19810615	0.78	13.13	0.56
19810616	0.74	12.13	0.59
19810617	0	13.13	0.52
19810618	0	11.7	0.47
19810619	0	12.17	0.41
19810620	0	12.03	0.4
19810621	3.16	11.3	0.4
19810622	0	13.63	0.46
19810623	0	15.83	0.35
19810624	5.88	14.17	0.32
19810625	24.43	12.43	0.38
19810626	17.19	11.43	0.62
19810627	0	13.47	0.73
19810628	5.69	15.17	0.54
19810629	1.27	14.17	0.52
19810630	20.76	10.47	0.84
19810701	5.02	12.2	1.51
19810702	0	14.77	1.34
19810703	14.37	14.6	1.11
19810704	0.07	14.87	1.37
19810705	0.14	15.4	1.31
19810706	0.51	16.4	1.21
19810707	0	16.77	1.21
19810708	0	18.7	1.21
19810709	0	20.07	1.22
19810710	0	19.2	1.25
19810711	0	19.87	1.24
19810712	1.59	20.23	1.22
19810713	2.11	17.1	1.18
19810714	0.99	15.27	1.15
19810715	0.15	13.53	1.09
19810716	6.04	14.2	1.1
19810717	29.69	13.23	1.11
19810718	8.39	14.1	1.4
19810719	0.29	14.9	1.49
19810720	0	16.67	1.29
19810721	1.42	15.67	1.15
19810722	0	15.9	1.07
19810723	0	17.27	0.95
19810724	0.36	16.87	0.92
19810725	1.1	17.77	0.89
19810726	0	18.6	0.86
19810727	0	16.7	0.82
19810728	0	16.83	0.75
19810729	1.03	16.6	0.72
19810730	0.19	15.83	0.68
19810731	0	19.57	0.64
19810801	0	16.3	0.6
19810802	1.02	15.5	0.56
19810803	0.05	15.4	0.52
19810804	0	17.3	0.5
19810805	0	18.77	0.45
19810806	0	19.8	0.45
19810807	12.6	17.07	0.41
19810808	0	15.8	0.41
19810809	0	14.77	0.38
19810810	2.18	16.27	0.35
19810811	0.36	18.67	0.33
19810812	0	19.7	0.31
19810813	0.07	19.7	0.3
19810814	0	19.1	0.3
19810815	0	17.67	0.28
19810816	79.47	13.2	0.43
19810817	9.06	11.27	1.11
19810818	2.78	12.37	1.02
19810819	0.29	15.23	0.76
19810820	0	13.33	0.62
19810821	4.49	12.77	0.57
19810822	4.93	12.8	0.56
19810823	0	13.2	0.59
19810824	0.14	10.83	0.57
19810825	0.38	11.6	0.54
19810826	5.47	11.67	0.52
19810827	0	10.7	0.54
19810828	0.09	11.7	0.53
19810829	0	9.63	0.51
19810830	0	11.8	0.47
19810831	0	9	0.46
19810901	0	12.03	0.45
19810902	0	11.33	0.45
19810903	0	12.4	0.38
19810904	0	11.7	0.4
19810905	0	13.93	0.37
19810906	0	15.57	0.37
19810907	0	10.5	0.32
19810908	0	14.17	0.33
19810909	0	14.57	0.31
19810910	0	13.23	0.3
19810911	0	11.53	0.28
19810912	0	10.97	0.28
19810913	0	8.2	0.26
19810914	0	6.5	0.26
19810915	0	8.7	0.24
19810916	0	6.2	0.22
19810917	0	5.2	0.24
19810918	0	6.3	0.21
19810919	0	8.3	0.2
19810920	10.42	8.67	0.2
19810921	2.89	9.9	0.21
19810922	1.87	11.97	0.2
19810923	0	12.37	0.19
19810924	0	10.4	0.19
19810925	0.22	12.23	0.19
19810926	0	12.33	0.18
19810927	0.15	11.53	0.18
19810928	0.36	13.97	0.18
19810929	4.88	14.4	0.18
19810930	0	11.43	0.19
19811001	0	12.37	0.18
19811002	0	12.1	0.18
19811003	1.96	11.5	0.18
19811004	5.41	11.1	0.18
19811005	0	10.4	0.18
19811006	0	8.07	0.19
19811007	6.07	7.9	0.18
19811008	1.54	7.93	0.19
19811009	0.07	6.97	0.19
19811010	17.83	10.5	0.26
19811011	0	7.4	0.3
19811012	8.58	6.1	0.28
19811013	5.22	5.73	0.33
19811014	0.14	5.3	0.33
19811015	0	4.6	0.32
19811016	0.94	2.37	0.3
19811017	0	3.63	0.28
19811018	0	-0.03	0.3
19811019	12.31	0.83	0.32
19811020	15.03	6.17	0.46
19811021	0.74	4.8	0.86
19811022	0	2.5	0.66
19811023	3.26	1.4	0.54
19811024	0	2.17	0.51
19811025	0.41	-0.47	0.54
19811026	1.58	1.17	0.52
19811027	0	3.87	0.47
19811028	20.55	3.67	0.81
19811029	3.45	4.27	1.15
19811030	2.49	4.23	0.99
19811031	7.65	2.83	1.04
19811101	0	1	1.07
19811102	10.31	0.77	1.14
19811103	1.15	-2.7	1.04
19811104	1.74	3.97	1.29
19811105	0.83	3.3	1.28
19811106	0	1.43	1.14
19811107	0	0.2	1.05
19811108	0	-1.47	0.91
19811109	0	-1.9	0.94
19811110	0.51	1.3	0.97
19811111	8.73	3.27	1.04
19811112	0.05	-1.17	1.08
19811113	0	-1.07	0.97
19811114	0.09	-0.77	0.95
19811115	0	-3.77	0.9
19811116	0.79	-1	0.91
19811117	3.31	0.87	0.88
19811118	17.93	2.93	1.02
19811119	0.15	1.83	1.7
19811120	15.45	1.3	1.75
19811121	0.85	3.63	2.2
19811122	4.1	0.07	1.69
19811123	13.79	-0.1	1.78
19811124	14.7	2.67	2.72
19811125	0.45	-2.2	2.49
19811126	0	-5.6	2.27
19811127	12.58	-6.73	2.22
19811128	1.79	0.63	1.88
19811129	0	0.6	1.78
19811130	8.43	-0.5	1.73
19811201	0.94	-1.1	1.74
19811202	0.24	-4.2	1.73
19811203	1.31	2.4	1.66
19811204	0	0.13	1.62
19811205	0	-4.3	1.57
19811206	0	-11.17	1.54
19811207	11.48	-10.97	1.5
19811208	4.98	-3.7	1.46
19811209	2.87	-5.6	1.42
19811210	0	-11.2	1.35
19811211	2.27	-10	1.28
19811212	0.29	-8.67	1.21
19811213	0	-17.17	1.14
19811214	0	-18.1	1.07
19811215	0	-10.93	1.04
19811216	0	-15.27	1.01
19811217	0	-18.53	0.97
19811218	0	-10.97	0.95
19811219	0	-13.77	0.9
19811220	1.88	-10.03	0.85
19811221	4.35	-6.23	0.82
19811222	0.66	-3.17	0.77
19811223	0	-2.93	0.72
19811224	11.59	-4.8	0.66
19811225	4.93	-8.1	0.66
19811226	0.96	-11.1	0.64
19811227	5.4	-7.1	0.64
19811228	0.81	-8.5	0.58
19811229	1.48	-6.8	0.58
19811230	8.51	-1.63	0.53
19811231	0.5	-1	0.53
19820101	3.81	-4	0.53
19820102	3.14	-10.6	0.52
19820103	5.9	-8.4	0.49
19820104	0.29	-18	0.49
19820105	0.57	-13.93	0.47
19820106	0.4	-15.73	0.47
19820107	0.42	-17.1	0.47
19820108	0	-19.97	0.46
19820109	0	-17.3	0.46
19820110	0	-8.13	0.44
19820111	0	-6.93	0.33
19820112	0	-11.9	0.33
19820113	0	-8.7	0.33
19820114	0	0.23	0.33
19820115	0	-1.17	0.32
19820116	0	-4.97	0.32
19820117	0	-4.53	0.32
19820118	0	-9.7	0.32
19820119	0.33	-9.2	0.33
19820120	0	-10.73	0.32
19820121	0.38	-13.3	0.31
19820122	2.63	-7.47	0.3
19820123	0.07	-3.3	0.3
19820124	0	-14.33	0.27
19820125	4.7	-4.43	0.27
19820126	5.52	-3.77	0.26
19820127	0.85	-8.8	0.25
19820128	2.44	-13.17	0.26
19820129	1.1	-2.23	0.24
19820130	6.31	-5.5	0.22
19820131	0	-11.33	0.25
19820201	0	-15.37	0.25
19820202	0	-2.93	0.19
19820203	0	-1.73	0.19
19820204	0	-7	0.19
19820205	0	-9.7	0.19
19820206	16.02	-7.73	0.19
19820207	5.18	-5.2	0.19
19820208	0	-6.67	0.18
19820209	2.76	-3.53	0.18
19820210	0.58	1.47	0.18
19820211	0.22	1.37	0.18
19820212	1.74	1.93	0.19
19820213	0	1	0.2
19820214	0	-0.97	0.19
19820215	0	-1.27	0.19
19820216	0	-7.33	0.18
19820217	0	-5.1	0.18
19820218	0	-5.67	0.18
19820219	0	-9.47	0.19
19820220	0	-7.63	0.19
19820221	0	-9	0.2
19820222	0	-9.93	0.18
19820223	0	-7.23	0.15
19820224	0	-3.87	0.15
19820225	0	0.03	0.15
19820226	0.15	-3.13	0.14
19820227	0	-2.17	0.15
19820228	1.36	-2.67	0.15
19820301	4.28	1.67	0.17
19820302	0	2.8	0.19
19820303	14.72	0.6	0.2
19820304	2.09	-0.6	0.3
19820305	0	-4	0.26
19820306	0	-5.33	0.21
19820307	0	0.63	0.24
19820308	0	-2.07	0.22
19820309	0	-3.4	0.24
19820310	3.23	-0.13	0.25
19820311	9.06	0.7	0.27
19820312	2.17	0.87	0.31
19820313	3.61	0.17	0.32
19820314	1.7	0.77	0.33
19820315	0.73	1.73	0.38
19820316	3.08	3.33	0.5
19820317	5.5	1.57	0.62
19820318	4.12	1.03	0.71
19820319	0	0.5	0.7
19820320	2.18	-0.1	0.64
19820321	0	0.77	0.64
19820322	0	-0.27	0.64
19820323	0	0.83	0.69
19820324	0	2.63	0.94
19820325	0	5.57	1.75
19820326	0	6.37	2.6
19820327	0	6.17	2.96
19820328	0	2.13	2.72
19820329	0	0.67	2.37
19820330	0	1.63	2.37
19820331	0	6.7	3.08
19820401	0	6.9	3.67
19820402	0	3.1	3.67
19820403	0	4.2	3.79
19820404	0	5.6	3.91
19820405	0.96	1.8	3.79
19820406	0	4.57	3.91
19820407	12.05	6.17	4.26
19820408	18.55	0.27	5.09
19820409	1.43	-1.3	4.38
19820410	2.48	-0.63	4.14
19820411	0	-2.3	4.03
19820412	3.49	-1.93	4.03
19820413	0.8	0.5	3.91
19820414	0	1.83	4.03
19820415	0	4.53	4.14
19820416	0.22	6.47	4.26
19820417	0	5.67	4.03
19820418	0	5.63	3.79
19820419	0.8	4.67	3.67
19820420	0	4.57	3.55
19820421	0	4.1	3.43
19820422	0	5.7	3.31
19820423	0	7.77	3.31
19820424	0	8.3	3.31
19820425	0	8.3	3.2
19820426	0	6.77	3.08
19820427	1.79	7.97	2.96
19820428	6.93	5.97	2.96
19820429	7.74	3.7	2.96
19820430	5.97	4.37	2.84
19820501	1.45	5.93	2.84
19820502	2.72	5.67	2.72
19820503	4.65	4.87	2.6
19820504	2.8	5.63	2.49
19820505	1.58	7.57	2.49
19820506	0	8.93	2.37
19820507	7.67	8.13	2.33
19820508	0.29	7.9	2.26
19820509	0.94	8.67	2.14
19820510	0	7.37	1.97
19820511	0.51	7.67	1.99
19820512	0	10.67	1.91
19820513	0	10.87	1.8
19820514	0	8.93	1.7
19820515	0	10.7	1.6
19820516	0	10.8	1.5
19820517	1.89	13.03	1.43
19820518	0	7.77	1.41
19820519	1.8	6.53	1.3
19820520	0.51	6.4	1.22
19820521	0.15	7.87	1.17
19820522	0	9.7	1.11
19820523	5.84	8.8	1.04
19820524	3.23	9.87	1.03
19820525	0	12.53	0.91
19820526	0	14.8	0.9
19820527	1.46	14.83	0.85
19820528	0	14.1	0.82
19820529	0	13.93	0.76
19820530	0	16.5	0.69
19820531	0	19.7	0.65
19820601	0	19.5	0.58
19820602	0	19.77	0.56
19820603	0	20.37	0.52
19820604	0.47	22	0.47
19820605	2.11	21.03	0.44
19820606	0	12.2	0.41
19820607	0	11.53	0.39
19820608	0	11.03	0.38
19820609	1.8	7.13	0.33
19820610	0	8.27	0.32
19820611	1.29	9.17	0.3
19820612	0	8.8	0.3
19820613	0	6.5	0.25
19820614	0	7.37	0.25
19820615	0	8.9	0.26
19820616	0	10.43	0.25
19820617	0	10.37	0.25
19820618	0	12.03	0.21
19820619	0	14.47	0.2
19820620	7.12	12.17	0.19
19820621	3.41	9.33	0.19
19820622	0	10.5	0.14
19820623	0	12.17	0.15
19820624	0	12.83	0.13
19820625	0	13.7	0.15
19820626	0	14.93	0.14
19820627	0	14.07	0.15
19820628	0	14.87	0.13
19820629	7.57	11.2	0.17
19820630	12.02	10.43	0.2
19820701	2.35	11.6	0.1
19820702	1.42	13.23	0.14
19820703	13.41	12.53	0.14
19820704	0.52	14.87	0.14
19820705	0	14.23	0.14
19820706	0	13.97	0.13
19820707	3.96	14.03	0.14
19820708	0	16.57	0.13
19820709	0	17.73	0.12
19820710	0	19.73	0.11
19820711	0	20.2	0.1
19820712	0	20.4	0.1
19820713	0	18.2	0.1
19820714	0	18.3	0.09
19820715	0	18.8	0.09
19820716	0.76	21.5	0.09
19820717	0	19.87	0.09
19820718	0	18.77	0.08
19820719	0	19.93	0.08
19820720	0	19.83	0.08
19820721	0	15.5	0.07
19820722	0	15	0.07
19820723	0	18.37	0.07
19820724	0	19.47	0.08
19820725	0	20.87	0.14
19820726	8.84	15.1	0.07
19820727	0	15.73	0.04
19820728	0	16.6	0.05
19820729	0	17.67	0.07
19820730	0	19.6	0.07
19820731	0	20.4	0.05
19820801	0	21	0.06
19820802	0	22.2	0.07
19820803	0	22.87	0.07
19820804	0	22.03	0.06
19820805	0	23.7	0.04
19820806	0	20.8	0.05
19820807	0	22.2	0.05
19820808	14.03	21.53	0.05
19820809	5.63	19.17	0.06
19820810	1.3	15.6	0.06
19820811	0	15.73	0.06
19820812	0	17.33	0.05
19820813	2.95	16.87	0.05
19820814	35.7	12.8	0.09
19820815	0	13.1	0.08
19820816	0	13.03	0.07
19820817	35.18	13.73	0.09
19820818	4.9	15.67	0.19
19820819	16.79	15.23	0.19
19820820	0.36	12.87	0.17
19820821	0.71	12.2	0.13
19820822	1.16	12.73	0.12
19820823	12.26	13.5	0.14
19820824	6.13	13.17	0.14
19820825	2.31	12.67	0.13
19820826	2.08	13.53	0.12
19820827	14.84	12.9	0.2
19820828	2.18	13.63	0.21
19820829	1.45	12.9	0.15
19820830	1.52	13.93	0.13
19820831	3.99	14.77	0.12
19820901	2.63	12.8	0.13
19820902	2.18	11.2	0.12
19820903	4.67	10.73	0.12
19820904	6.57	8.93	0.13
19820905	0	8.03	0.14
19820906	0	7.17	0.13
19820907	12.87	7.67	0.13
19820908	0.48	12.67	0.19
19820909	0	11.47	0.18
19820910	0	10.93	0.14
19820911	0	13.37	0.13
19820912	1.06	10.87	0.13
19820913	0.45	10.93	0.13
19820914	0.09	11.2	0.12
19820915	0	13.9	0.1
19820916	0	14.5	0.07
19820917	0	11.77	0.09
19820918	0	13.43	0.1
19820919	11.12	14.03	0.12
19820920	2.65	11.87	0.1
19820921	1.89	16.27	0.09
19820922	0	11.83	0.1
19820923	0	8.57	0.09
19820924	0.29	6.73	0.09
19820925	0	11.23	0.08
19820926	0	10.97	0.08
19820927	2.45	11.23	0.09
19820928	0	9.6	0.09
19820929	2.64	10.63	0.08
19820930	0	10.33	0.05
19821001	0	10.9	0.07
19821002	0	10.73	0.08
19821003	0	9.87	0.08
19821004	0	9.3	0.08
19821005	0	9.13	0.08
19821006	0	9.03	0.07
19821007	0.15	9.03	0.07
19821008	0.93	8.4	0.08
19821009	0.65	7.43	0.08
19821010	0	4.23	0.07
19821011	0	4.1	0.09
19821012	0	4.23	0.09
19821013	1.78	6.87	0.09
19821014	7.64	7.53	0.17
19821015	0.09	5.17	0.06
19821016	0	2.73	0.07
19821017	0	0.87	0.09
19821018	0	0.93	0.06
19821019	13.18	0.73	0.1
19821020	9.73	7.03	0.2
19821021	0	6.8	0.2
19821022	0.51	4.37	0.18
19821023	0.91	9.17	0.15
19821024	0	6.7	0.14
19821025	7.5	2.77	0.14
19821026	0.64	4.93	0.18
19821027	0.47	4.83	0.22
19821028	1.45	5.5	0.19
19821029	0	6.87	0.18
19821030	0	7.97	0.17
19821031	1.05	6.03	0.15
19821101	3.55	6.47	0.15
19821102	0	8.27	0.14
19821103	0	5.03	0.17
19821104	0	1.1	0.17
19821105	0	-2.7	0.14
19821106	0	-0.93	0.13
19821107	0	-0.13	0.13
19821108	0	-0.03	0.13
19821109	0.44	6.03	0.13
19821110	3.03	9.2	0.13
19821111	0	8.57	0.14
19821112	0	6.73	0.17
19821113	11.08	7.23	0.21
19821114	0.69	3.93	0.3
19821115	0.09	2.57	0.25
19821116	4.49	3.6	0.21
19821117	0	1.97	0.27
19821118	3.07	0.23	0.25
19821119	0.28	3.97	0.26
19821120	2.85	3.1	0.27
19821121	7.78	-1.1	0.27
19821122	1.96	4.97	0.41
19821123	1.85	6.97	0.43
19821124	13.78	6.1	0.59
19821125	11.62	3.03	0.79
19821126	7.21	5.2	0.99
19821127	11.21	4.33	1.02
19821128	14.85	3.2	1.93
19821129	0	1	1.7
19821130	0	-0.87	1.21
19821201	0	1.9	1.03
19821202	0	-0.83	0.97
19821203	0	0.07	0.94
19821204	0.44	0.9	0.96
19821205	4.85	2.03	0.98
19821206	0.24	2	1.11
19821207	0	-1.77	1.03
19821208	1.44	-7.27	0.9
19821209	3.27	-0.5	0.94
19821210	11.85	1.97	1.02
19821211	13.67	1.97	1.8
19821212	0	-3.03	1.59
19821213	0	-7.87	1.37
19821214	0.72	-6.93	1.25
19821215	11.9	0.17	1.1
19821216	0	0.3	1.04
19821217	0	-4.63	1.03
19821218	0.47	-4.07	0.98
19821219	4.34	-0.03	0.98
19821220	4.45	0.7	0.99
19821221	0	2.03	0.98
19821222	0.15	3	1.08
19821223	1.46	-0.37	1.04
19821224	1.75	0.1	0.98
19821225	0	0.67	0.95
19821226	0	4.2	1.35
19821227	0	0.37	1.27
19821228	0	-1.37	1.1
19821229	0	-2.47	1.03
19821230	0	-4.17	1.24
19821231	0	0.83	0.89
19830101	1.51	3.2	0.94
19830102	0	1.87	1.08
19830103	2.85	-3.03	0.95
19830104	22.44	1.7	1.07
19830105	0.14	0.63	1.7
19830106	0.22	5.73	1.97
19830107	0	3.67	1.74
19830108	0	1.7	1.43
19830109	0.22	1.47	1.33
19830110	0	1.47	1.23
19830111	0	2.9	1.18
19830112	1.43	6.37	1.33
19830113	9.84	4.83	1.88
19830114	0	-1.1	1.75
19830115	0.34	-6.63	1.54
19830116	3.06	-5.87	1.31
19830117	5.39	-8.1	1.3
19830118	9.64	-2.63	1.25
19830119	0	-7.7	1.3
19830120	1.53	-6.63	1.73
19830121	0	2.6	1.29
19830122	0.14	-2.27	1.14
19830123	0	2.5	1.11
19830124	2.18	-0.87	1.07
19830125	0	2.87	1.11
19830126	0	4.3	1.18
19830127	0	5.03	1.35
19830128	4.09	1.6	1.27
19830129	5.47	-2.27	1.14
19830130	0.8	-1.9	1.07
19830131	0.99	-6.97	1.02
19830201	8.12	-4.63	1.01
19830202	0	-8.33	0.77
19830203	0	-12.73	1.01
19830204	0	-8.17	1.07
19830205	0	-4.6	0.79
19830206	0	-3.67	0.68
19830207	0	-6.9	0.59
19830208	0	-8.1	0.57
19830209	0	-11.13	0.54
19830210	0.38	-6.33	0.45
19830211	0.22	-5	0.38
19830212	0	-9.8	0.41
19830213	0	-3.97	0.43
19830214	0	-6.7	0.44
19830215	0	-1.9	0.45
19830216	0	-2.77	0.43
19830217	0	-4.03	0.41
19830218	0	-2.53	0.43
19830219	0	-3.93	0.38
19830220	0	-3.53	0.38
19830221	0	-7.97	0.33
19830222	0	0.43	0.31
19830223	0	-2.77	0.31
19830224	0	-3.47	0.3
19830225	0	-1.1	0.27
19830226	0	-5.67	0.26
19830227	0	-3.27	0.26
19830228	0	-4.33	0.26
19830301	0	-6.33	0.26
19830302	0	-9.8	0.25
19830303	0	-3.37	0.25
19830304	1.09	0.87	0.26
19830305	0	1.4	0.27
19830306	2.82	-2.27	0.24
19830307	0	-1.1	0.31
19830308	0.53	-2.47	0.31
19830309	3.79	-0.8	0.33
19830310	7.33	-2	0.33
19830311	0	-3.87	0.39
19830312	0	-7.07	0.35
19830313	0	1.83	0.33
19830314	0	2.37	0.33
19830315	14.88	4.17	0.49
19830316	0	1.1	0.94
19830317	0.07	1.77	0.72
19830318	3.46	2.93	1.01
19830319	0	3.53	0.97
19830320	0	-0.1	0.73
19830321	11.64	-0.47	0.64
19830322	3.91	0.13	0.66
19830323	0.38	-0.17	0.65
19830324	0	-2.43	0.63
19830325	9.25	-0.73	0.6
19830326	0	-0.7	0.59
19830327	0	-2.27	0.57
19830328	0	0.67	0.54
19830329	0.69	-1.23	0.52
19830330	2.4	0.73	0.51
19830331	0.15	2.77	0.57
19830401	0.15	1.83	0.69
19830402	11.1	0.37	0.71
19830403	3.62	0.57	0.89
19830404	11.42	1.77	1.24
19830405	3.14	-0.23	1.18
19830406	0.09	2.33	1.55
19830407	1.66	2.27	1.6
19830408	0.51	2.7	1.86
19830409	0	2.13	1.69
19830410	0	4.53	1.7
19830411	0	3	1.73
19830412	0.29	-0.07	1.74
19830413	0	0.17	1.67
19830414	0	0.2	1.64
19830415	0	2.53	1.73
19830416	0	5.97	1.78
19830417	0	6.63	1.78
19830418	0	7.93	1.75
19830419	0	6.7	1.74
19830420	0	7.03	1.72
19830421	0	7.97	1.7
19830422	1.23	5.7	1.7
19830423	11.67	6.43	1.89
19830424	0.15	6.9	1.94
19830425	0.36	7.07	1.85
19830426	0	7.7	1.79
19830427	0	5.97	1.75
19830428	5.01	2.53	1.72
19830429	0	4.97	1.69
19830430	15.47	4.07	1.87
19830501	0	5.03	2.17
19830502	0	6.2	1.89
19830503	0	7.23	1.74
19830504	0	7.3	1.7
19830505	0	7.33	1.64
19830506	0	8.4	1.57
19830507	0	10.6	1.54
19830508	0	9.83	1.49
19830509	0	9.9	1.44
19830510	0.26	11.37	1.42
19830511	0.8	8.87	1.4
19830512	10.45	9.63	1.35
19830513	0.36	10.07	1.36
19830514	0	11.17	1.25
19830515	0	11.57	1.18
19830516	9.67	12.57	1.12
19830517	0.22	13.47	1.17
19830518	0	14	1.09
19830519	0	13.83	1.02
19830520	5.67	10.2	1.02
19830521	0.15	13.2	0.97
19830522	0	12.87	0.92
19830523	0	12.83	0.89
19830524	0	13.13	0.83
19830525	0	11.97	0.83
19830526	0.52	10.63	0.81
19830527	12.53	10.7	0.81
19830528	0.07	10.97	0.83
19830529	0.14	12.93	0.82
19830530	2.61	11.5	0.77
19830531	0.09	11.13	0.75
19830601	4.5	13.43	0.73
19830602	5.02	10.83	0.73
19830603	0	12.67	0.71
19830604	8.83	11.23	0.7
19830605	2.11	8	0.72
19830606	0	10.5	0.71
19830607	0	14.13	0.69
19830608	0	16.47	0.65
19830609	25.99	16.23	0.65
19830610	14.41	11.97	1.38
19830611	0	13.13	1.29
19830612	0	15.17	1.02
19830613	0	16.93	0.91
19830614	5.58	15.6	0.88
19830615	0	15.7	0.88
19830616	0	15.13	0.83
19830617	0	13.5	0.81
19830618	0	15.93	0.78
19830619	0	18.47	0.76
19830620	0.36	18.7	0.75
19830621	0	12.87	0.72
19830622	0	14.4	0.64
19830623	0	18.83	0.65
19830624	16.61	15.53	0.63
19830625	0	12.73	0.62
19830626	0.51	14.87	0.58
19830627	1.06	14.97	0.54
19830628	19.33	12.63	0.53
19830629	7.36	13.73	0.52
19830630	2.35	13	0.51
19830701	14.37	13.5	0.52
19830702	2.78	14.47	0.52
19830703	1.46	14.13	0.47
19830704	0.82	14.63	0.45
19830705	0	16.97	0.45
19830706	0	18.63	0.41
19830707	0	20.47	0.4
19830708	0	22.43	0.35
19830709	0	23.53	0.33
19830710	0	24.37	0.35
19830711	0	25.23	0.32
19830712	14.23	22.47	0.35
19830713	0	17.7	0.54
19830714	0	16.03	0.49
19830715	0	17.83	0.4
19830716	0	16.33	0.38
19830717	8.02	15.5	0.35
19830718	0.76	16.3	0.32
19830719	0	15.27	0.31
19830720	0.15	11.77	0.3
19830721	0	12.83	0.3
19830722	0	14.67	0.27
19830723	0	18.5	0.26
19830724	0	17.77	0.26
19830725	0	19.1	0.26
19830726	0	19.2	0.24
19830727	1.22	19.23	0.21
19830728	0	18.03	0.22
19830729	0.24	14.9	0.19
19830730	0	16.13	0.19
19830731	0	15.53	0.2
19830801	0.09	17.73	0.14
19830802	0	18.97	0.18
19830803	0	16.37	0.18
19830804	0	13.4	0.2
19830805	0	15.13	0.19
19830806	0	17.67	0.18
19830807	0.14	19.3	0.17
19830808	0.8	20.5	0.12
19830809	0	21.93	0.14
19830810	0	21.1	0.14
19830811	0	20.47	0.14
19830812	14.43	12.53	0.14
19830813	0	11.47	0.13
19830814	0	11.57	0.13
19830815	1.48	16.2	0.13
19830816	0.96	16.53	0.17
19830817	1.38	14.2	0.12
19830818	0.07	13.27	0.11
19830819	0	17.5	0.07
19830820	0	16.47	0.09
19830821	0	18.13	0.09
19830822	0	19.37	0.1
19830823	0.71	17	0.1
19830824	0	12.23	0.09
19830825	0	12.87	0.09
19830826	0	18.77	0.09
19830827	0	17.1	0.09
19830828	0	14.57	0.08
19830829	0	13.4	0.09
19830830	0	14.7	0.08
19830831	0	17.63	0.08
19830901	0	16.03	0.08
19830902	11.75	19.57	0.08
19830903	4.32	17.87	0.07
19830904	4.55	15.37	0.08
19830905	7.85	12.83	0.08
19830906	19.19	10.47	0.09
19830907	10.19	8.63	0.13
19830908	0	9.83	0.1
19830909	10.69	10.3	0.11
19830910	9.67	11.97	0.13
19830911	46.52	13.27	0.35
19830912	1.89	13.03	0.64
19830913	5.22	13	0.46
19830914	2.46	12.23	0.38
19830915	19.31	12.37	0.47
19830916	5.15	14.33	1.12
19830917	63.58	11.6	2.84
19830918	0.67	13.13	4.74
19830919	0	13.97	2.49
19830920	0	12.97	1.86
19830921	3.1	10.57	1.63
19830922	9.54	9.2	1.76
19830923	2.12	9.17	1.88
19830924	14.07	8.7	2.08
19830925	0	5.93	2.3
19830926	0	11.9	2.05
19830927	0	14.43	1.94
19830928	0	7.37	1.89
19830929	0	5.63	1.88
19830930	0	4.43	1.97
19831001	0	4.63	1.88
19831002	0	5.83	1.85
19831003	0	8.67	1.81
19831004	0.98	12.13	1.7
19831005	4.35	13.27	1.76
19831006	0.19	7.33	1.72
19831007	2.33	5.8	1.7
19831008	1.34	5.03	1.66
19831009	0	3.27	1.59
19831010	8.25	3.77	1.54
19831011	3.34	6.03	1.56
19831012	0.83	4.97	1.53
19831013	1.92	7.9	1.47
19831014	0.45	10.43	1.43
19831015	0	9.43	1.37
19831016	4.15	10.03	1.33
19831017	2.57	8.83	1.31
19831018	7.02	8.4	1.3
19831019	1.41	9.03	1.41
19831020	0	5.53	1.35
19831021	0	4.03	1.25
19831022	0	6.23	1.16
19831023	0	7.87	1.11
19831024	0	4.53	1.07
19831025	4.71	0.7	1.01
19831026	0	10.87	0.96
19831027	0	10.33	0.92
19831028	0	3.03	0.9
19831029	0	1.2	0.86
19831030	0.09	7.67	0.82
19831031	0	8.2	0.71
19831101	0	6.67	0.75
19831102	0	6.37	0.7
19831103	5.02	3.13	0.66
19831104	1.72	5.4	0.64
19831105	0.22	6.1	0.64
19831106	0	8.9	0.6
19831107	0	8.4	0.56
19831108	1.23	8.4	0.53
19831109	1.09	2.97	0.51
19831110	0	0.93	0.51
19831111	0	-1.57	0.47
19831112	0.05	-2	0.43
19831113	0	-4.47	0.44
19831114	7.37	0.83	0.44
19831115	1.01	1.97	0.46
19831116	0	-1.33	0.45
19831117	0	-5.07	0.3
19831118	0	1.1	0.4
19831119	0	1.93	0.38
19831120	0	3.23	0.38
19831121	0.09	-3.23	0.38
19831122	0	-8.77	0.53
19831123	0.09	-5.53	0.32
19831124	0	-0.03	0.31
19831125	1.49	3.83	0.31
19831126	1.54	2.47	0.32
19831127	0	-3.37	0.3
19831128	0	-4.77	0.3
19831129	0	-7.77	0.27
19831130	0	-7.37	0.26
19831201	0	-10.17	0.25
19831202	2.55	-2.2	0.25
19831203	0	3.17	0.25
19831204	6.04	1.23	0.26
19831205	0.14	4.93	0.27
19831206	0	-0.23	0.27
19831207	0.24	-2.97	0.24
19831208	3.09	0.83	0.24
19831209	1.87	-1.87	0.24
19831210	0	-12.1	0.25
19831211	0	-11.57	0.24
19831212	0	-8.93	0.21
19831213	0	-1.1	0.2
19831214	0	1	0.19
19831215	0	-3.03	0.19
19831216	0	-4.03	0.19
19831217	5.22	-2.87	0.19
19831218	0	-4.8	0.19
19831219	3.19	-1.73	0.19
19831220	16.47	-0.67	0.19
19831221	5.22	-1.4	0.18
19831222	0.62	0.77	0.19
19831223	3.29	1.6	0.19
19831224	0.19	-1.93	0.18
19831225	7.78	-7.63	0.18
19831226	0.34	-0.9	0.19
19831227	2.03	-2.47	0.18
19831228	0	3.03	0.21
19831229	0.46	1	0.19
19831230	10.09	2.43	0.45
19831231	0	0.13	0.39
19840101	0	5.07	0.73
19840102	3.67	1.27	0.44
19840103	13.98	0.9	0.37
19840104	0	-3.57	0.38
19840105	4.63	-6.1	0.37
19840106	0	-2.5	0.38
19840107	6.4	-2.5	0.37
19840108	7.73	-1.83	0.4
19840109	0.09	-8.83	0.54
19840110	2.04	-12.77	0.81
19840111	2.21	-0.93	0.43
19840112	0.96	2.83	0.54
19840113	3.72	1.57	0.65
19840114	0.36	1.43	0.66
19840115	0.07	-3.17	0.56
19840116	0.38	-2.23	0.51
19840117	6.76	-1.37	0.5
19840118	1.31	-1.83	0.5
19840119	0	-10.6	0.63
19840120	0	-14.33	0.97
19840121	0	-15.37	1.4
19840122	0.38	-7.7	1.36
19840123	0	-10.27	0.85
19840124	0	-15.83	1.08
19840125	1.84	-8.87	0.98
19840126	1.52	-11.63	0.78
19840127	0.76	-14.77	0.92
19840128	1.93	-4.63	0.5
19840129	4	-2.5	0.39
19840130	4.53	-1.1	0.34
19840131	4.24	0.13	0.33
19840201	0.48	0.43	0.32
19840202	2.45	0.27	0.32
19840203	7.33	0.07	0.33
19840204	4.94	0.97	0.33
19840205	3.69	1.33	0.37
19840206	6.09	1.2	0.38
19840207	4.56	-0.53	0.37
19840208	0.07	-2	0.38
19840209	0	-7.67	0.43
19840210	0	-8.73	0.45
19840211	0	-2.2	0.35
19840212	0	-1.63	0.35
19840213	0	0.47	0.37
19840214	0	-3.2	0.35
19840215	0	-5.77	0.35
19840216	0	-5.17	0.35
19840217	0	-5.13	0.34
19840218	0	-4.87	0.41
19840219	0	-8.67	0.46
19840220	0.48	-6.07	0.35
19840221	0.36	-2.37	0.35
19840222	1.39	-4.23	0.34
19840223	0.58	-2.53	0.35
19840224	0	-4.5	0.37
19840225	0	-3.93	0.35
19840226	0	-4.5	0.35
19840227	1.29	-1.5	0.35
19840228	0	-3	0.35
19840229	2.12	0.13	0.37
19840301	7.38	-1.23	0.35
19840302	0	-7.13	0.34
19840303	2	-1.93	0.33
19840304	0	-0.83	0.33
19840305	0	2.73	0.32
19840306	0	0.8	0.32
19840307	0.05	0.57	0.31
19840308	0	-1.13	0.3
19840309	1.46	-4.3	0.27
19840310	0.4	-2.63	0.27
19840311	0	-1.43	0.27
19840312	0	-2	0.27
19840313	0	-3.17	0.26
19840314	0	-5.9	0.3
19840315	0	-4.73	0.27
19840316	0	-4.8	0.27
19840317	0	-6.13	0.31
19840318	0	-7.83	0.28
19840319	0	-6.53	0.26
19840320	0	-3.13	0.25
19840321	0	-4.17	0.25
19840322	0	-5.3	0.25
19840323	0	-8.1	0.24
19840324	0	-9.47	0.25
19840325	0	-5.2	0.22
19840326	0.65	-3.93	0.21
19840327	0.62	-2.5	0.22
19840328	2.47	-3.23	0.22
19840329	6.48	-0.5	0.22
19840330	0.19	2.67	0.26
19840331	0	0.23	0.25
19840401	0	0.3	0.25
19840402	0	-0.97	0.24
19840403	1.38	0	0.24
19840404	6.84	1.3	0.4
19840405	0	1.57	0.91
19840406	0	1.47	1.49
19840407	0	2.97	1.84
19840408	0	5.1	2.08
19840409	0	4.9	2.02
19840410	0	3.5	2.14
19840411	0	4.37	2.6
19840412	0	3.57	2.49
19840413	0	4.73	2.72
19840414	0	6.9	3.2
19840415	0	8.83	3.31
19840416	0	7.63	3.55
19840417	0	5.23	3.31
19840418	0	4.47	3.31
19840419	2.37	3.67	3.31
19840420	1.74	4.9	3.55
19840421	0.22	3.83	3.43
19840422	0	8	3.43
19840423	0	7.1	3.43
19840424	0	9.57	3.31
19840425	0	9.87	3.31
19840426	0	4.9	3.2
19840427	0	3.97	3.08
19840428	0	6.5	2.84
19840429	0	12.37	2.84
19840430	0.22	13.2	2.72
19840501	0	11.07	2.6
19840502	0	12	2.37
19840503	0	10.3	2.34
19840504	0	10.83	2.29
19840505	0	11.23	2.15
19840506	0	9.6	2.02
19840507	1.3	6.87	1.95
19840508	0.24	5.53	1.85
19840509	0.09	3.63	1.73
19840510	0	3.23	1.62
19840511	0	5.9	1.51
19840512	0	9.2	1.43
19840513	0	11.1	1.34
19840514	0.33	12.03	1.16
19840515	0.46	11	1.16
19840516	0	13.03	1.04
19840517	0	15.3	0.94
19840518	0.05	14.9	0.91
19840519	9.2	14.33	0.83
19840520	0.24	14.9	0.85
19840521	0	15.87	0.83
19840522	0	17.23	0.75
19840523	2.55	14.63	0.71
19840524	2.67	11.47	0.66
19840525	1.47	10.8	0.64
19840526	10.18	13.07	0.65
19840527	0.5	15.47	0.65
19840528	0	13.83	0.56
19840529	0	14.03	0.57
19840530	0	14.53	0.54
19840531	0	15.87	0.52
19840601	0	16.57	0.5
19840602	27.55	16.1	0.59
19840603	0	17.4	0.59
19840604	4.06	18.53	0.52
19840605	0	17.6	0.47
19840606	0	15.27	0.46
19840607	0	15.17	0.44
19840608	0.51	13.03	0.41
19840609	0.96	7.9	0.41
19840610	3.34	7.97	0.39
19840611	0	9.1	0.38
19840612	0.22	13.13	0.35
19840613	10.36	11.5	0.35
19840614	11.58	12.43	0.37
19840615	0	12.3	0.41
19840616	0	13.6	0.37
19840617	2.36	15.27	0.35
19840618	0	15.43	0.32
19840619	0.05	16.1	0.32
19840620	0	17.1	0.31
19840621	11.59	15.8	0.27
19840622	1.78	13.97	0.28
19840623	20.57	11.13	0.32
19840624	9.2	11.3	0.44
19840625	1.92	12.27	0.53
19840626	4.23	12.97	0.47
19840627	15.2	12.47	0.54
19840628	5.6	11.93	0.65
19840629	4.45	13.13	0.83
19840630	5.1	13.43	1.03
19840701	2.85	13.57	1.18
19840702	3.39	13.43	1.04
19840703	0.15	12.43	0.92
19840704	0	13.23	0.97
19840705	0.05	12.07	0.92
19840706	0	13.6	0.89
19840707	0	16.23	0.89
19840708	0	15.6	0.88
19840709	0	19.47	0.88
19840710	0	20	0.86
19840711	0	19.03	0.85
19840712	9.77	16.6	0.84
19840713	5.7	15.93	0.82
19840714	2.98	15.87	0.83
19840715	26.39	15.8	1.07
19840716	0	15.97	1.09
19840717	2.54	16.6	0.92
19840718	1.81	15.77	0.85
19840719	2.44	15.27	0.79
19840720	1	16.93	0.82
19840721	10.08	14.13	1.08
19840722	0.05	14.1	0.91
19840723	0.94	13.8	0.77
19840724	0.58	15.7	0.7
19840725	5.6	15.63	0.62
19840726	1.48	14.53	0.59
19840727	0.83	11.6	0.57
19840728	0.51	15.67	0.5
19840729	0	16.57	0.47
19840730	0	16.5	0.43
19840731	0	18	0.41
19840801	0	19.97	0.38
19840802	0	19.2	0.35
19840803	0	18.43	0.33
19840804	26.89	18.5	0.35
19840805	1.44	18.17	0.37
19840806	4.31	19.53	0.32
19840807	0	17.13	0.32
19840808	0	15.97	0.27
19840809	0.93	15.5	0.25
19840810	0	16.3	0.26
19840811	0	14	0.26
19840812	3.85	16.27	0.25
19840813	0.51	15.97	0.25
19840814	0.44	14.6	0.24
19840815	0	14.07	0.24
19840816	0.09	13	0.22
19840817	0	12.87	0.21
19840818	0	13.7	0.21
19840819	0	15.97	0.2
19840820	0	17.8	0.19
19840821	0	18.2	0.19
19840822	0	18.77	0.19
19840823	0	18.47	0.18
19840824	2.77	13.23	0.19
19840825	0	9.07	0.17
19840826	0	8.93	0.15
19840827	0	10.83	0.15
19840828	0	14.03	0.15
19840829	8.15	15.3	0.14
19840830	3.66	14.57	0.14
19840831	1.55	14.6	0.14
19840901	0.24	11.8	0.14
19840902	0.56	10.47	0.14
19840903	0.33	11.47	0.13
19840904	0	8	0.13
19840905	0	9.33	0.13
19840906	0	8.93	0.12
19840907	0	13.17	0.08
19840908	0.88	12.27	0.1
19840909	0.29	12.5	0.1
19840910	7.86	11.37	0.13
19840911	6.36	11.13	0.12
19840912	6.82	10.63	0.12
19840913	7.33	9	0.13
19840914	2.32	10.97	0.13
19840915	0.15	10.9	0.13
19840916	0.8	10.77	0.11
19840917	0	11.2	0.1
19840918	1.9	9.77	0.1
19840919	24.03	8.97	0.11
19840920	2.9	9.3	0.27
19840921	2.45	8.97	0.2
19840922	18.56	11.83	0.22
19840923	4.83	11.73	0.35
19840924	14.74	10.7	0.44
19840925	25.33	10.73	0.95
19840926	6.65	9.47	1.46
19840927	2.45	8.23	1.11
19840928	0.29	6.47	0.84
19840929	0	5.8	0.71
19840930	2.83	5.93	0.66
19841001	8.42	10.37	0.68
19841002	0.58	12.67	0.95
19841003	7.61	14	0.99
19841004	3.1	12.3	1.22
19841005	8.08	10.63	1.21
19841006	1.45	11.77	1.38
19841007	1.52	11.27	1.36
19841008	5.64	9.67	1.38
19841009	0	9.73	1.38
19841010	0	9.1	1.28
19841011	0	10.17	1.2
19841012	0	5.73	1.16
19841013	12.69	4.5	1.21
19841014	0	6.33	1.46
19841015	0	6	1.38
19841016	0	3.83	1.25
19841017	0	10.43	1.24
19841018	15.62	5.53	1.31
19841019	3.03	9.9	1.69
19841020	5.07	9.93	1.75
19841021	3.52	8.33	1.79
19841022	0.09	3.5	1.7
19841023	16.32	4.07	1.92
19841024	0.14	4.77	2.15
19841025	20.49	6.57	2.17
19841026	2.87	8.7	2.96
19841027	0.43	7.27	2.37
19841028	0	3.9	2.18
19841029	2.4	4.37	1.99
19841030	4.29	9.6	2.01
19841031	6.86	8.03	2.37
19841101	0	7.77	2.34
19841102	0	11.13	2.27
19841103	0	8.1	2.17
19841104	0.21	6.37	2.11
19841105	5.81	5.87	2.08
19841106	0	3.93	2.01
19841107	13.24	3.47	2.08
19841108	1.1	5.73	2.32
19841109	0	2.43	2.15
19841110	0	1.93	2.01
19841111	0	3.07	1.93
19841112	0.19	3.87	1.87
19841113	0	1.4	1.79
19841114	0	0.13	1.73
19841115	0	0.53	1.68
19841116	0	-2.53	1.63
19841117	0	-0.93	1.56
19841118	0	-2.03	1.51
19841119	6.42	-0.5	1.48
19841120	3.17	1	1.44
19841121	0.84	0.4	1.44
19841122	0	0.63	1.44
19841123	11.13	2.6	2.01
19841124	0	0.63	2.01
19841125	8.54	2.2	1.85
19841126	0	0.73	1.86
19841127	0.09	-0.83	1.66
19841128	1.51	3.77	1.57
19841129	0	5.23	1.57
19841130	0	6.03	1.53
19841201	0	4.27	1.5
19841202	1.05	3.87	1.47
19841203	0.15	3.23	1.42
19841204	0	2.63	1.4
19841205	0.31	2.57	1.38
19841206	11.12	2.93	1.41
19841207	0.22	2.6	1.64
19841208	1.23	7	1.49
19841209	0	3.73	1.46
19841210	0	1.2	1.36
19841211	0	1.23	1.29
19841212	0	-2.87	1.16
19841213	0	-2	1.15
19841214	0	-2.17	1.1
19841215	1.07	-3.2	1.05
19841216	2.34	-2.4	1.02
19841217	1.27	-4.93	0.95
19841218	5.79	-4.73	0.95
19841219	3.83	1.23	0.86
19841220	14.38	1.97	1.04
19841221	0	2.1	1.81
19841222	0	-2.37	1.42
19841223	12.29	1.13	1.44
19841224	0	2.57	1.82
19841225	0.07	1.07	1.54
19841226	0.05	-0.53	1.37
19841227	0	-1.23	1.29
19841228	3.65	-2.1	1.24
19841229	0.65	-2.37	1.21
19841230	0	-4.53	1.22
19841231	0	-4.67	1.2
19850101	0.52	-5.27	1.12
19850102	3.05	-6.23	1.05
19850103	1.93	-8.7	0.95
19850104	0.88	-12.67	0.84
19850105	0	-17.67	0.78
19850106	0	-17.6	0.73
19850107	0	-17.87	0.68
19850108	0	-17.93	0.63
19850109	0.48	-13.6	0.57
19850110	0	-7.57	0.54
19850111	0.36	-10.67	0.52
19850112	0.15	-8.1	0.5
19850113	0	-9.4	0.47
19850114	0	-11.73	0.45
19850115	0	-9.23	0.35
19850116	0	-11.17	0.33
19850117	0	-5.83	0.32
19850118	0.24	-2.23	0.32
19850119	1.92	-6.93	0.31
19850120	11.94	-8.4	0.3
19850121	1.52	-4.47	0.28
19850122	20.55	-4.23	0.27
19850123	12.05	-5.47	0.28
19850124	0.24	-12.4	0.28
19850125	0	-16.47	0.3
19850126	0	-20.97	0.31
19850127	0.05	-22.3	0.31
19850128	0	-11.13	0.31
19850129	4.42	-4.63	0.32
19850130	2.81	-5.3	0.32
19850131	10.31	-7.87	0.32
19850201	0	-4.07	0.31
19850202	0	-14.7	0.31
19850203	0	-14.87	0.31
19850204	1.29	-14.73	0.31
19850205	5.88	-9.67	0.31
19850206	8.71	-8.2	0.31
19850207	0.57	-16.23	0.3
19850208	0	-17.73	0.3
19850209	0	-20.43	0.3
19850210	0	-23.13	0.3
19850211	0	-13.83	0.28
19850212	0	-6.6	0.28
19850213	1.15	-12.07	0.27
19850214	0	-16	0.27
19850215	0	-19.2	0.26
19850216	2.95	-20.43	0.25
19850217	0	-19.43	0.24
19850218	0	-22.3	0.22
19850219	0	-19.53	0.21
19850220	2.94	-16.57	0.21
19850221	0	-12.77	0.21
19850222	0.07	-18.8	0.2
19850223	3.12	-14.4	0.2
19850224	0.29	-5.6	0.2
19850225	0	-8.13	0.2
19850226	0	-5.07	0.2
19850227	0	-0.5	0.2
19850228	2.61	-0.47	0.21
19850301	2.35	-3.33	0.21
19850302	2.9	-5.57	0.21
19850303	0.14	-5.4	0.21
19850304	0	-6.4	0.21
19850305	2.55	-4.43	0.21
19850306	0	0.17	0.21
19850307	0.19	0.03	0.21
19850308	0.07	-2.43	0.21
19850309	0	-3.87	0.21
19850310	11.28	-1.97	0.21
19850311	0	-1.07	0.21
19850312	0	2.13	0.21
19850313	0	1.7	0.21
19850314	0	1.3	0.21
19850315	0.05	-0.37	0.21
19850316	0	-1.47	0.21
19850317	0	-2.4	0.2
19850318	0	-3.5	0.2
19850319	0	-5.53	0.2
19850320	0	-4.3	0.21
19850321	3.5	0.2	0.21
19850322	0.66	0.73	0.22
19850323	0	1.07	0.24
19850324	1.03	0.67	0.26
19850325	1.29	0.6	0.26
19850326	3.5	0.9	0.25
19850327	15.77	0.9	0.25
19850328	4.25	-0.77	0.26
19850329	0	-3.57	0.26
19850330	0	-1.33	0.25
19850331	0	-1.47	0.26
19850401	0.96	-0.47	0.28
19850402	6.77	3.07	0.38
19850403	0	2.57	0.54
19850404	0.44	1.37	0.56
19850405	0	0.17	0.59
19850406	0	-1.17	0.57
19850407	8.01	-0.4	0.53
19850408	0	-0.07	0.53
19850409	0	-2.43	0.52
19850410	0	-3.03	0.52
19850411	0	-0.53	0.54
19850412	0	-0.47	0.54
19850413	0	1.2	0.66
19850414	4.56	3.37	1.03
19850415	2.57	1.7	1.51
19850416	0	3.5	1.73
19850417	2.32	1.6	1.99
19850418	0	5.53	2.84
19850419	3.51	5.5	3.55
19850420	14.92	3.5	4.74
19850421	0.36	2.9	4.26
19850422	0	4.97	4.5
19850423	0	2.2	4.26
19850424	3.55	0.8	4.03
19850425	0.09	1.4	3.91
19850426	0	1.37	3.79
19850427	6.53	0.3	3.67
19850428	0	4.4	4.03
19850429	0	3.6	4.03
19850430	13.81	1.83	4.26
19850501	9.1	2.47	4.74
19850502	6.19	1.9	4.85
19850503	1.82	1.7	4.85
19850504	0.65	1.73	4.62
19850505	0	3.9	4.5
19850506	0	6.4	4.5
19850507	0	7.57	4.62
19850508	0	8.83	4.5
19850509	0	8.4	4.5
19850510	0.57	7.3	4.26
19850511	0	10.07	4.03
19850512	0	11.73	3.91
19850513	0	12.07	3.55
19850514	0	13.07	3.55
19850515	0	11.43	3.43
19850516	0	11.27	3.31
19850517	0	9.13	3.2
19850518	0	10.27	3.08
19850519	0	14.1	2.84
19850520	0	12.37	2.72
19850521	0	9.07	2.6
19850522	0.33	7.97	2.37
19850523	0	5.9	2.36
19850524	0	7.8	2.27
19850525	0.36	10	2.13
19850526	0	16.27	2.04
19850527	0	18.67	1.92
19850528	0	19.73	1.72
19850529	0	20.07	1.7
19850530	0	14.53	1.64
19850531	0	13.3	1.57
19850601	0	15.7	1.48
19850602	0	16.87	1.37
19850603	0	13.17	1.29
19850604	0	14.47	1.22
19850605	0	11.6	1.1
19850606	1.96	8.77	1.02
19850607	3.64	8.47	0.9
19850608	10.03	9.53	0.88
19850609	6.73	8.97	0.84
19850610	4.34	12.33	0.78
19850611	13.1	11.57	0.7
19850612	0	9.63	0.69
19850613	1.35	10	0.66
19850614	0	12.8	0.62
19850615	3.43	11.4	0.59
19850616	1.52	14	0.57
19850617	2.13	13.87	0.47
19850618	0	15.13	0.45
19850619	0	16.47	0.49
19850620	1.33	16.77	0.47
19850621	0	16.83	0.45
19850622	0	18.87	0.43
19850623	0	20.07	0.4
19850624	0	20.13	0.39
19850625	5.08	20.03	0.4
19850626	0	20.5	0.37
19850627	1.61	16.43	0.34
19850628	5.75	15.77	0.3
19850629	0.15	14.1	0.32
19850630	0	13.53	0.31
19850701	0	13.73	0.3
19850702	0	12.8	0.3
19850703	0	14.83	0.28
19850704	4.36	17.8	0.27
19850705	0	19.33	0.26
19850706	0	19.83	0.25
19850707	1.25	17.6	0.25
19850708	0	16	0.24
19850709	0	16.3	0.24
19850710	0	17.63	0.24
19850711	0	17.43	0.09
19850712	0	17.9	0.17
19850713	0	18.1	0.17
19850714	0.94	18.67	0.17
19850715	23.89	18.5	0.19
19850716	0.65	15.8	0.17
19850717	3.12	13.63	0.17
19850718	0	16.23	0.15
19850719	2.4	17.17	0.14
19850720	10.18	14.57	0.14
19850721	1.51	15.33	0.15
19850722	0.61	14.83	0.14
19850723	4.79	12.3	0.13
19850724	0.14	12.8	0.13
19850725	0	15	0.13
19850726	0	18.2	0.13
19850727	0	16.43	0.13
19850728	0.09	15.93	0.13
19850729	9.18	16	0.12
19850730	4.58	15.9	0.2
19850731	2.83	16.1	0.08
19850801	12.6	17	0.12
19850802	3.21	16	0.12
19850803	2.63	15.17	0.13
19850804	4.27	14.27	0.13
19850805	14.41	14.47	0.15
19850806	0.07	15	0.17
19850807	0	15.1	0.17
19850808	0.41	14.4	0.15
19850809	0.09	16.27	0.14
19850810	7.24	14.83	0.17
19850811	2.75	16.07	0.18
19850812	1.08	14.87	0.19
19850813	0	15.93	0.21
19850814	0.47	16.1	0.25
19850815	3.79	16.93	0.26
19850816	0	14.4	0.26
19850817	0	16.83	0.26
19850818	0	16.5	0.26
19850819	4.98	16.47	0.26
19850820	11.85	17.1	0.27
19850821	1.52	15.73	0.28
19850822	0.15	14.6	0.3
19850823	2.78	13.77	0.3
19850824	0.45	12.5	0.31
19850825	0.53	15.4	0.32
19850826	0	13.93	0.28
19850827	0	14.57	0.31
19850828	0	15.07	0.28
19850829	0	15.83	0.28
19850830	2.04	13.07	0.27
19850831	0.05	14.33	0.26
19850901	2.28	14.4	0.26
19850902	3.65	12.47	0.25
19850903	30.7	12.63	0.26
19850904	0.69	13.5	0.38
19850905	7.71	10.73	0.37
19850906	8.52	10.4	0.4
19850907	1.41	11.07	0.47
19850908	1.37	10.2	0.47
19850909	2.42	11.5	0.47
19850910	1.89	10.97	0.5
19850911	0	11.2	0.5
19850912	0	10.27	0.51
19850913	0.6	10.37	0.54
19850914	2.04	12.1	0.56
19850915	1.47	11.37	0.57
19850916	0	11.63	0.58
19850917	0	8.7	0.58
19850918	0	8.57	0.58
19850919	12.29	8.1	0.6
19850920	0	11.33	0.62
19850921	0	9.13	0.63
19850922	0	7.6	0.62
19850923	0	6.9	0.62
19850924	0	5.13	0.66
19850925	0	5.17	0.64
19850926	0	5.3	0.59
19850927	0.47	8.3	0.56
19850928	0	8.07	0.53
19850929	0	4.67	0.52
19850930	1.58	4.53	0.49
19851001	0	15.47	0.46
19851002	0	13.13	0.47
19851003	0	13.47	0.46
19851004	0	15.43	0.38
19851005	0	13.13	0.43
19851006	0	10.37	0.39
19851007	4.15	9.17	0.39
19851008	44.49	9.8	0.54
19851009	0.89	8.6	1.14
19851010	0	9.17	0.79
19851011	6.11	7.73	0.76
19851012	0.71	7.37	0.73
19851013	2.76	3.8	0.71
19851014	0	7.5	0.71
19851015	0.14	6.2	0.7
19851016	0	10.8	0.7
19851017	1.92	1.13	0.66
19851018	0	4.17	0.7
19851019	0	6.07	0.7
19851020	0	6.97	0.66
19851021	0	5.73	0.63
19851022	0	5.23	0.63
19851023	0	4.57	0.59
19851024	0	2.53	0.57
19851025	0	2.73	0.54
19851026	0	4.1	0.53
19851027	0	1.57	0.51
19851028	0	1.6	0.5
19851029	0	2.6	0.47
19851030	0	7.1	0.46
19851031	0	3.13	0.43
19851101	2.93	-1.27	0.43
19851102	5.32	2.43	0.44
19851103	0	0.8	0.44
19851104	0	1	0.43
19851105	15.63	4.17	0.45
19851106	0.24	5.7	0.64
19851107	1.55	1.63	0.63
19851108	0.57	0.83	0.57
19851109	6.13	3.33	0.59
19851110	1.02	5.23	0.66
19851111	3.77	-0.13	0.64
19851112	0.24	1.53	0.69
19851113	0	-2	0.65
19851114	0.05	-2.3	0.63
19851115	0.55	-0.87	0.62
19851116	0	-2.73	0.59
19851117	0	-3.17	0.58
19851118	0	-2.03	0.57
19851119	0	-4.7	0.57
19851120	0	-1.77	0.57
19851121	0	-2.43	0.54
19851122	0	-1.03	0.52
19851123	0	-3.3	0.52
19851124	0	-2.97	0.5
19851125	0.48	-2.77	0.5
19851126	3.18	-6.23	0.47
19851127	11.61	-3.47	0.47
19851128	5.85	-2.47	0.46
19851129	6.56	-1.07	0.47
19851130	0.43	-5.1	0.45
19851201	0.36	-10.7	0.57
19851202	5.22	-5.67	0.43
19851203	13.78	0.3	0.45
19851204	0.98	1.03	0.49
19851205	3.23	-0.53	0.44
19851206	12.92	-3.73	0.44
19851207	0	-15.53	0.45
19851208	0	-15.77	0.46
19851209	0	-15.87	0.46
19851210	0	-18.67	0.44
19851211	0	-15.5	0.47
19851212	0	-2.27	0.47
19851213	1.33	2.33	0.45
19851214	0	-0.5	0.43
19851215	0	-7.57	0.44
19851216	2.72	-5.5	0.43
19851217	0	-9.3	0.47
19851218	1.8	-13.57	0.54
19851219	0.12	-4.2	0.38
19851220	1.8	-12.03	0.37
19851221	2.09	1	0.44
19851222	0	4.7	1.01
19851223	0	2.3	0.82
19851224	3.53	3.03	0.86
19851225	7.96	1.37	1.18
19851226	1.33	-7.63	0.95
19851227	0	-14.4	1.15
19851228	0	-12.9	0.97
19851229	0	-11.53	0.78
19851230	0	-13.77	0.66
19851231	0	-13.97	0.57
19860101	0	-16.87	0.49
19860102	10.99	-6.4	0.46
19860103	0.69	-3.63	0.46
19860104	5.08	-6.1	0.44
19860105	2.43	-6.53	0.43
19860106	0.34	-6.73	0.41
19860107	0.76	-11.37	0.38
19860108	1.48	-9.2	0.37
19860109	0.45	-9.67	0.35
19860110	2.96	-17.67	0.34
19860111	1.8	-4.53	0.33
19860112	0.73	0.33	0.33
19860113	0.44	0.63	0.32
19860114	2.01	0.23	0.32
19860115	0	-4.33	0.32
19860116	0	-15.13	0.32
19860117	0	-17.87	0.32
19860118	2.37	-11.37	0.32
19860119	0	-11.07	0.32
19860120	2.35	-9.93	0.31
19860121	4.1	-3.43	0.32
19860122	1.59	-8.1	0.31
19860123	2.44	-0.17	0.31
19860124	0.14	-0.77	0.31
19860125	0	-2.43	0.3
19860126	0.22	-4.67	0.3
19860127	2.44	-5.3	0.28
19860128	0.14	-5.4	0.27
19860129	1.01	-2.17	0.26
19860130	0	-1.47	0.26
19860131	1.17	-2.7	0.26
19860201	0.6	-1.87	0.26
19860202	0	-4.87	0.26
19860203	0	-9.87	0.25
19860204	2.12	-10.77	0.25
19860205	0.19	-11.17	0.25
19860206	0.14	-13	0.24
19860207	0.22	-11.57	0.24
19860208	0	-10.6	0.24
19860209	0.24	-9.5	0.22
19860210	0	-6.37	0.22
19860211	0	-11.37	0.26
19860212	0	-11.87	0.21
19860213	0.51	-4.4	0.21
19860214	0.19	-6.73	0.21
19860215	0	-6.73	0.21
19860216	0	-12.23	0.21
19860217	0.44	-8.17	0.2
19860218	0	-9.67	0.21
19860219	0	-17.23	0.2
19860220	0.24	-17.27	0.18
19860221	5	-11	0.2
19860222	0	-12.33	0.2
19860223	4.19	-14.67	0.19
19860224	0	-14.67	0.2
19860225	0	-13.57	0.2
19860226	0	-5	0.22
19860227	0.09	-5.7	0.27
19860228	0	-6.5	0.26
19860301	0	-6.47	0.26
19860302	0	-7.7	0.27
19860303	0	-1.37	0.34
19860304	1.54	-0.87	0.35
19860305	7.36	-1.3	0.38
19860306	0	2.7	0.39
19860307	0	2.3	0.38
19860308	0	3.23	0.37
19860309	0	1.2	0.37
19860310	0	-1.77	0.34
19860311	0	0.1	0.33
19860312	0.15	-0.73	0.33
19860313	0.95	-0.43	0.33
19860314	0	-0.33	0.33
19860315	0	0.17	0.33
19860316	0	-1.23	0.33
19860317	0	0.83	0.33
19860318	0	0.47	0.34
19860319	0	0.77	0.37
19860320	0	1.27	0.38
19860321	0	1.6	0.4
19860322	3.63	2.6	0.57
19860323	16.84	1.33	1.41
19860324	1.69	1.5	1.07
19860325	7.45	0.63	0.81
19860326	0	2.47	1.16
19860327	7.09	2.77	1.53
19860328	0.71	4.57	2.37
19860329	2.68	3.17	1.98
19860330	9.84	2.83	2.37
19860331	12.11	1	1.89
19860401	0.45	1.43	1.94
19860402	0.58	1.5	2.27
19860403	0.05	2.17	2.33
19860404	0	1.67	2.24
19860405	0	0.6	2.1
19860406	0	0.3	1.98
19860407	0	-0.17	1.94
19860408	0	1.8	1.99
19860409	0	2.1	2.06
19860410	0	-3.03	1.91
19860411	0	-2.13	1.81
19860412	0	-0.6	1.75
19860413	4.52	-0.4	1.72
19860414	0	-0.93	1.7
19860415	0	-1.43	1.64
19860416	0.38	-0.93	1.57
19860417	0.19	2.83	1.56
19860418	0	2	1.63
19860419	3.49	1.27	1.66
19860420	10.93	-0.47	1.57
19860421	1.33	-0.23	1.53
19860422	0.15	0.43	1.59
19860423	5.13	5.13	1.89
19860424	0	7.5	2.72
19860425	5.33	5.9	2.6
19860426	0.33	5.27	2.84
19860427	0	6.13	2.72
19860428	12.3	9.73	2.84
19860429	0	8	3.43
19860430	0.53	6.57	3.2
19860501	0	9.9	3.08
19860502	0	12.9	2.96
19860503	0	14.13	2.96
19860504	0	13.43	2.96
19860505	0	13.6	2.84
19860506	0	14.07	2.72
19860507	0	15.4	2.72
19860508	0	14.23	2.49
19860509	1.27	10.63	2.49
19860510	1.05	10.63	2.37
19860511	10.77	9.47	2.36
19860512	1.1	10.37	2.37
19860513	0.48	11.47	2.33
19860514	0	11.2	2.18
19860515	11.41	11.5	2.02
19860516	4.97	8.93	2.25
19860517	0	12.3	2.19
19860518	0.53	11.6	1.97
19860519	0	12.03	1.82
19860520	0	15.2	1.73
19860521	1.33	14.5	1.56
19860522	0.63	12.43	1.4
19860523	0.75	11.73	1.38
19860524	0.15	12.53	1.34
19860525	0	13.13	1.23
19860526	0	13.83	1.09
19860527	0.22	13.07	1.05
19860528	0	11.87	0.97
19860529	0	10.77	0.95
19860530	0.21	11.37	0.72
19860531	0	13.23	0.82
19860601	0	13.43	0.79
19860602	0	16.23	0.72
19860603	0.65	12.17	0.63
19860604	2.12	11.63	0.6
19860605	0	15.3	0.59
19860606	18.95	16.67	0.6
19860607	19.24	11.83	0.82
19860608	0.24	11.07	0.92
19860609	0	11.93	0.72
19860610	0	15.4	0.62
19860611	0	14.93	0.56
19860612	0	16.63	0.53
19860613	0	16.17	0.49
19860614	0	16.57	0.46
19860615	0	18.47	0.44
19860616	0	19.07	0.4
19860617	0	20.63	0.32
19860618	0	20.1	0.34
19860619	0	18.77	0.33
19860620	1.39	13.5	0.32
19860621	0	13.57	0.3
19860622	0.22	12.67	0.28
19860623	0	14.37	0.26
19860624	0	17.47	0.25
19860625	0	19.6	0.22
19860626	0	22.83	0.21
19860627	3.7	21.03	0.21
19860628	9.67	16.2	0.24
19860629	0	17.23	0.2
19860630	0	19.8	0.19
19860701	0	21.67	0.19
19860702	0	19.97	0.18
19860703	1.15	19.37	0.17
19860704	0	18.43	0.15
19860705	0.62	17.87	0.15
19860706	1.78	15.37	0.14
19860707	1.89	17.63	0.14
19860708	4.71	14.73	0.14
19860709	1.51	14.1	0.14
19860710	9.01	13.4	0.15
19860711	0	14.57	0.14
19860712	14.22	11	0.15
19860713	0.19	11.13	0.15
19860714	0	14.87	0.13
19860715	0	17.23	0.13
19860716	0	18.2	0.14
19860717	0.05	19	0.13
19860718	0.43	18.17	0.12
19860719	0	15.87	0.11
19860720	2.38	15.5	0.12
19860721	1.56	16.13	0.11
19860722	0.57	16.3	0.11
19860723	13.88	16.6	0.1
19860724	5.33	15.13	0.15
19860725	0.82	15.37	0.14
19860726	4.26	17.07	0.14
19860727	0	17.9	0.13
19860728	0	18.97	0.12
19860729	0	19.5	0.08
19860730	0	18.17	0.11
19860731	0	16.73	0.13
19860801	2.09	16.5	0.11
19860802	0.36	16.2	0.11
19860803	0	18.1	0.09
19860804	5.07	18.9	0.1
19860805	1.54	17.5	0.1
19860806	0	16.87	0.06
19860807	0	14.37	0.09
19860808	1.84	14.57	0.09
19860809	0.09	15.9	0.09
19860810	4.75	15.1	0.1
19860811	0.09	13.2	0.09
19860812	0.52	14.5	0.09
19860813	1.62	12.27	0.09
19860814	0	12.93	0.08
19860815	0.48	12.17	0.08
19860816	18.58	13.4	0.09
19860817	6.85	12.67	0.1
19860818	2.93	12.07	0.09
19860819	1.27	12.73	0.09
19860820	7.54	12.93	0.09
19860821	25.39	12.7	0.14
19860822	5.99	10.97	0.19
19860823	3.62	10.1	0.21
19860824	0.38	9.07	0.2
19860825	2.01	9.43	0.19
19860826	0.14	8.93	0.22
19860827	9.35	7.77	0.2
19860828	4.57	11.1	0.21
19860829	16.05	11.9	0.26
19860830	7.74	8.4	0.86
19860831	0.09	9.8	0.86
19860901	0	10.8	0.62
19860902	1.23	11	0.59
19860903	0.42	10.7	0.64
19860904	1.09	10.33	0.65
19860905	0.14	10.83	0.66
19860906	1.04	9.13	0.66
19860907	1.18	8.33	0.66
19860908	0.07	8.53	0.69
19860909	5.23	9.2	0.7
19860910	5.02	8.47	0.69
19860911	5.9	8.2	0.72
19860912	0	7.93	0.73
19860913	0	8.67	0.69
19860914	10.26	8.13	0.65
19860915	0.69	7.5	0.73
19860916	0	7.47	0.72
19860917	0	6.03	0.68
19860918	0	6.67	0.64
19860919	0	9.53	0.6
19860920	3.09	11.13	0.59
19860921	2.16	10.03	0.57
19860922	0	7.83	0.58
19860923	0	6.63	0.58
19860924	0	5.1	0.56
19860925	0.28	4.5	0.53
19860926	0	2.07	0.51
19860927	0	2.37	0.49
19860928	6.19	6.1	0.47
19860929	0	11.57	0.45
19860930	0	6.93	0.45
19861001	0	12.33	0.43
19861002	0	12.23	0.41
19861003	0	6.03	0.4
19861004	0	6.7	0.39
19861005	0.14	3.07	0.35
19861006	0.83	6.27	0.35
19861007	0	4.97	0.35
19861008	0	3.17	0.35
19861009	0.75	3.7	0.33
19861010	1.75	10.03	0.32
19861011	0	8.2	0.31
19861012	0	5.67	0.31
19861013	0	8.27	0.28
19861014	0	6.07	0.2
19861015	0.19	8.37	0.31
19861016	0	8.17	0.28
19861017	0	5.37	0.27
19861018	0	3.93	0.25
19861019	11.95	7.93	0.27
19861020	0.28	5.67	0.27
19861021	0	4.17	0.27
19861022	4.17	3.23	0.27
19861023	0	1.87	0.28
19861024	0	1.73	0.27
19861025	0	3	0.26
19861026	3.12	6.3	0.26
19861027	3.91	7.57	0.27
19861028	1.75	7.3	0.28
19861029	6.6	8.2	0.32
19861030	3.16	6.47	0.37
19861031	0.57	5.73	0.37
19861101	0	4.93	0.37
19861102	0.28	1.7	0.35
19861103	1.1	0.1	0.32
19861104	0.19	2.6	0.32
19861105	6.86	0.6	0.34
19861106	1.27	2.3	0.52
19861107	3.91	1.07	0.51
19861108	1.13	7	0.51
19861109	0.22	5.13	0.51
19861110	0	7.73	0.5
19861111	2.14	9.2	0.47
19861112	1.5	4.63	0.5
19861113	0	-0.5	0.49
19861114	0.33	1.7	0.52
19861115	3.29	3.8	0.46
19861116	0.09	5.7	0.5
19861117	2.16	4.6	0.51
19861118	1.51	5.3	0.5
19861119	7.35	5.27	0.64
19861120	0	0.8	0.77
19861121	0.42	0.6	0.66
19861122	1.64	3.23	0.64
19861123	12.28	5.3	0.69
19861124	0.94	5.4	1.1
19861125	2.89	7.17	1.02
19861126	2.66	9.5	1.11
19861127	0.14	4.47	1.01
19861128	0	8.4	0.9
19861129	0	7	0.85
19861130	0.05	4.3	0.84
19861201	1.32	6.43	0.83
19861202	2.42	0.27	0.83
19861203	3.41	3.53	0.84
19861204	0	7.87	0.91
19861205	19.34	2.93	1.44
19861206	0	-0.67	1.64
19861207	0	-5.67	1.3
19861208	0.28	2.77	1.17
19861209	0	3.6	1.12
19861210	0	4.97	1.14
19861211	0	-1.27	1.14
19861212	1.69	-0.33	1.14
19861213	0	0.73	1.12
19861214	7.32	-0.53	1.11
19861215	0.72	-3.77	1.14
19861216	6.55	-1.33	1.11
19861217	0.09	-2.5	1.1
19861218	2.45	-3.37	1.09
19861219	1.15	-3.53	1.03
19861220	3.66	-7.3	0.99
19861221	2.97	-6.83	0.97
19861222	2.49	-6.93	0.94
19861223	0.64	-5.1	0.9
19861224	1.14	-6.47	0.88
19861225	2.54	-8.47	0.84
19861226	0.91	-5.37	0.81
19861227	2.81	-4.63	0.78
19861228	8.98	-8.43	0.75
19861229	5.68	-3.53	0.7
19861230	0	-10.03	0.65
19861231	0.55	-12.53	0.62
19870101	0	-17.77	0.6
19870102	0.09	-17.6	0.59
19870103	0.72	-11.27	0.57
19870104	0	-16.93	0.54
19870105	2.01	-9.9	0.53
19870106	0	-14.8	0.52
19870107	0	-23.8	0.51
19870108	5.08	-18.57	0.5
19870109	0.36	-21.97	0.49
19870110	0	-25.3	0.47
19870111	0	-25.07	0.46
19870112	0	-21.93	0.45
19870113	0	-18.23	0.44
19870114	0	-11.27	0.43
19870115	0	-16.4	0.41
19870116	0	-15.47	0.4
19870117	0	-14.53	0.38
19870118	0	-7.63	0.35
19870119	0	-7.03	0.39
19870120	2.92	-5.67	0.37
19870121	0	-7.13	0.35
19870122	0	-11	0.34
19870123	0.53	-11.27	0.33
19870124	0.19	-3.23	0.33
19870125	0	0.03	0.32
19870126	0	-8.47	0.33
19870127	0.64	-11.07	0.32
19870128	0	-19.63	0.31
19870129	0	-18.1	0.3
19870130	0.09	-6.23	0.31
19870131	0	1.63	0.28
19870201	0	-3.27	0.28
19870202	0	-3.03	0.28
19870203	0	-3.47	0.27
19870204	0	0.3	0.27
19870205	1.29	2.37	0.24
19870206	4.7	2	0.3
19870207	0	-4.5	0.31
19870208	0	-7.53	0.3
19870209	0	-9.27	0.28
19870210	9.31	-10.93	0.26
19870211	4.53	-1.57	0.25
19870212	6.94	0.2	0.24
19870213	5.92	-0.27	0.24
19870214	0	-0.47	0.22
19870215	0	-5.53	0.21
19870216	0	-11.1	0.21
19870217	0	-5.4	0.21
19870218	0.31	-9.27	0.2
19870219	0	-10.47	0.19
19870220	0	-4.87	0.19
19870221	0	-2.23	0.19
19870222	0.05	-3.83	0.19
19870223	0	-7.8	0.18
19870224	0	-6.53	0.18
19870225	0	-11.63	0.18
19870226	0	-10.73	0.18
19870227	0	-5.87	0.17
19870228	0	-11.43	0.17
19870301	0	-14.87	0.17
19870302	0	-16.1	0.17
19870303	0	-12.77	0.17
19870304	0.05	-13.77	0.15
19870305	0	-15.97	0.15
19870306	0	-9.23	0.15
19870307	0	-10.43	0.15
19870308	0	-8.4	0.15
19870309	0	-7.57	0.15
19870310	0	-8.57	0.15
19870311	0	-7.47	0.15
19870312	0	-8.17	0.15
19870313	0	-7.67	0.15
19870314	0	-7.93	0.15
19870315	0	-5.77	0.15
19870316	0	-4.43	0.14
19870317	0	-4.57	0.14
19870318	7.73	-0.9	0.14
19870319	1.69	-1.43	0.14
19870320	3.91	-1.07	0.14
19870321	0.22	-1.57	0.14
19870322	1.03	-0.5	0.14
19870323	0	-0.4	0.14
19870324	0	-0.03	0.14
19870325	0.05	-0.33	0.14
19870326	6.82	-1.37	0.14
19870327	7.27	2.7	0.18
19870328	2.59	3.8	0.45
19870329	0.15	2.73	0.63
19870330	0	3.37	0.84
19870331	0	2.4	0.96
19870401	0	0.97	1.14
19870402	0	1.5	1.01
19870403	0	2.33	1.02
19870404	0	3.07	1.28
19870405	0	2.37	1.44
19870406	0	2.47	1.49
19870407	0	3.53	1.56
19870408	0	0.17	1.49
19870409	0	-1.67	1.35
19870410	0	-0.1	1.38
19870411	1.81	1.07	1.47
19870412	0	2.57	1.49
19870413	0	3.13	1.66
19870414	0	4.53	1.75
19870415	0	4.17	1.88
19870416	0.05	6.9	2.04
19870417	0	5.23	2.08
19870418	0	3.77	1.99
19870419	1.28	3.57	1.95
19870420	2.69	1.27	1.97
19870421	0	1.47	1.99
19870422	0	3.83	1.98
19870423	0	9.23	2.01
19870424	0.51	9.1	2.04
19870425	0.14	7.3	2.02
19870426	0	3.23	1.97
19870427	0	5.57	1.91
19870428	0	12.1	1.89
19870429	0	14.43	1.87
19870430	0	14.67	1.87
19870501	2.99	14.73	1.82
19870502	1.01	12.07	1.81
19870503	0	8.13	1.76
19870504	0	4.57	1.72
19870505	0	6.53	1.66
19870506	1.05	8.67	1.56
19870507	0	7.87	1.55
19870508	0	8	1.49
19870509	17.1	9.47	1.44
19870510	1.77	6.2	1.51
19870511	2.06	5.03	1.47
19870512	7.17	3.8	1.42
19870513	4.47	6.6	1.49
19870514	0.14	7.2	1.46
19870515	0.19	6.37	1.33
19870516	1.75	8.77	1.25
19870517	23.22	7.6	1.68
19870518	15.89	7.57	2.72
19870519	4.58	9.47	2.37
19870520	1.09	8.17	1.93
19870521	0	9.3	1.68
19870522	0	11.33	1.59
19870523	0	14.43	1.5
19870524	0	9.97	1.46
19870525	0	12.23	1.42
19870526	0	9.37	1.29
19870527	0	5.67	1.29
19870528	0	6.1	1.24
19870529	0	6.5	1.21
19870530	0	7.53	1.15
19870531	0	9.27	1.09
19870601	0.57	10.93	1.03
19870602	2.45	9.83	0.98
19870603	0.76	8.33	0.91
19870604	0.94	11.07	0.84
19870605	0.09	13.67	0.83
19870606	0.77	14.63	0.77
19870607	1.51	13.27	0.72
19870608	3.34	12.53	0.68
19870609	0.28	11.87	0.62
19870610	0	11.97	0.58
19870611	0.31	12.23	0.57
19870612	4.16	10.27	0.51
19870613	0	9.43	0.5
19870614	9.16	9.67	0.49
19870615	2.48	8.8	0.5
19870616	5.28	9.37	0.5
19870617	8.68	9.4	0.51
19870618	2.11	11.33	0.56
19870619	1.76	9.6	0.51
19870620	1.1	11.47	0.5
19870621	0	13.9	0.47
19870622	0.15	16.03	0.46
19870623	2.17	13.83	0.44
19870624	1.9	12.8	0.41
19870625	8.65	12.53	0.44
19870626	0	12.8	0.45
19870627	0	13.57	0.43
19870628	0	14.63	0.4
19870629	0	14.9	0.39
19870630	8.11	13.57	0.4
19870701	0	15.23	0.4
19870702	1.65	14.83	0.38
19870703	0.28	15.07	0.34
19870704	0.15	15.33	0.37
19870705	0	16.23	0.34
19870706	0	19.47	0.33
19870707	0	18.53	0.33
19870708	19.65	15.53	0.33
19870709	3.92	14.37	0.33
19870710	0	14.2	0.32
19870711	0	12.83	0.32
19870712	0.44	14.5	0.31
19870713	0	14.63	0.31
19870714	0	14.43	0.3
19870715	0	15.6	0.31
19870716	0	15.3	0.3
19870717	0	14.67	0.28
19870718	0	16.07	0.28
19870719	0	16.27	0.28
19870720	0	16.73	0.27
19870721	0	18.67	0.27
19870722	0	19.13	0.25
19870723	0	21.3	0.25
19870724	0.41	17.77	0.24
19870725	5.76	14.5	0.24
19870726	16.18	12.1	0.24
19870727	7.59	12.47	0.26
19870728	5.02	12.97	0.26
19870729	4.43	11.4	0.26
19870730	0.76	12.77	0.25
19870731	4.04	12.57	0.25
19870801	5.19	13.1	0.27
19870802	1.23	12.73	0.3
19870803	1.75	12.47	0.31
19870804	1.89	12.97	0.33
19870805	6.18	12.3	0.41
19870806	0.71	12.4	0.43
19870807	0.99	13.17	0.41
19870808	4.53	10.3	0.46
19870809	0.99	9.73	0.64
19870810	0.66	10.2	0.62
19870811	0	11.53	0.58
19870812	46.1	11.9	0.57
19870813	0	13.5	0.54
19870814	8.89	12.4	0.54
19870815	0.8	11.5	0.58
19870816	0	10.9	0.58
19870817	0	12.2	0.57
19870818	0	14.07	0.56
19870819	0.38	15.4	0.56
19870820	0	15.6	0.56
19870821	4	15.43	0.54
19870822	9.42	17.47	0.53
19870823	24.71	12.07	0.98
19870824	0	11.1	0.98
19870825	0	10.2	0.81
19870826	0.65	12.4	0.73
19870827	13.85	13.93	0.72
19870828	15.29	11.5	1.38
19870829	0.09	10.57	1.49
19870830	0.58	9.9	1.11
19870831	0	10.13	0.96
19870901	0	10.6	0.88
19870902	0	12.03	0.86
19870903	0	11.27	0.83
19870904	0.05	11.07	0.81
19870905	0.26	13.37	0.81
19870906	7.14	13.93	0.82
19870907	11.21	12.6	0.91
19870908	2.95	12.1	1.11
19870909	3.98	11.47	1.11
19870910	6.03	10.53	0.96
19870911	0.31	11.97	0.96
19870912	4.86	11.4	0.91
19870913	0.09	9.93	1.22
19870914	12.58	10	1.11
19870915	1.59	10.77	0.99
19870916	0	8.43	0.94
19870917	0	5.53	0.89
19870918	8.6	7.5	0.89
19870919	0	8.9	0.89
19870920	0.24	7.33	0.83
19870921	0.14	6.8	0.81
19870922	3.67	9.37	0.82
19870923	0.24	12.93	0.79
19870924	0.09	9.03	0.77
19870925	0.57	8.3	0.75
19870926	2.27	8.7	0.73
19870927	0.38	6.47	0.71
19870928	0.61	7	0.68
19870929	0	7.37	0.65
19870930	0	5.13	0.63
19871001	0	5.6	0.6
19871002	0	6.3	0.59
19871003	0	6.77	0.56
19871004	0	5.73	0.52
19871005	0	6.7	0.53
19871006	0.19	9.7	0.5
19871007	1.12	10.53	0.5
19871008	0.05	11	0.5
19871009	0.93	9.73	0.46
19871010	0	10	0.45
19871011	0	11.7	0.44
19871012	0	10.03	0.49
19871013	15.4	9.23	0.59
19871014	3.59	8	0.6
19871015	8.55	9.3	1.62
19871016	18.63	11.37	1.67
19871017	0	10.57	1.18
19871018	0	6.03	1.04
19871019	0	6.77	0.98
19871020	0	8.13	0.97
19871021	0	6.97	0.92
19871022	0	7.13	0.96
19871023	7.13	7.17	0.95
19871024	3.37	7.77	1.07
19871025	0	6.23	1.09
19871026	0	3.97	1.03
19871027	0	3.67	0.98
19871028	0	6.63	0.94
19871029	0	3.77	0.92
19871030	0	4.53	0.9
19871031	5.58	3.23	0.89
19871101	0	3.77	0.9
19871102	0	1.4	0.84
19871103	0	2.97	0.84
19871104	0	4.8	0.82
19871105	0	6.63	0.78
19871106	0.24	6.7	0.76
19871107	3.78	1.53	0.75
19871108	0	-2.73	0.72
19871109	0	-6.53	0.69
19871110	0	-4.03	0.66
19871111	0	-0.9	0.65
19871112	23.04	2.7	1.34
19871113	1.29	4.3	1.86
19871114	0.09	4.07	1.44
19871115	0.42	1.83	1.25
19871116	7.86	4.1	1.27
19871117	0	5.07	1.4
19871118	0.14	2.53	1.29
19871119	11.45	1.8	1.6
19871120	0.14	1.8	1.75
19871121	3.48	2.7	1.76
19871122	1.82	2.4	1.75
19871123	3.69	2.67	1.78
19871124	0	1.8	1.72
19871125	0.74	-0.07	1.6
19871126	4.7	-1.13	1.56
19871127	0	-0.37	1.51
19871128	0.94	-0.13	1.5
19871129	2.59	-0.23	1.48
19871130	0	-4.27	1.4
19871201	0	-3.57	1.34
19871202	0	-0.27	1.3
19871203	0	-1.83	1.27
19871204	0	0.6	1.21
19871205	0	-3.83	1.16
19871206	0.5	-2.47	1.1
19871207	0	-9.1	1.02
19871208	0	-5.7	0.96
19871209	0	0.73	0.92
19871210	1.8	2.23	0.91
19871211	0	-3.43	0.84
19871212	0	-3.4	0.83
19871213	0	0.5	0.77
19871214	0	-3.43	0.71
19871215	0.9	-4.87	0.68
19871216	0	-8.53	0.65
19871217	0	-11.13	0.6
19871218	0	-3.9	0.56
19871219	0.81	-0.53	0.52
19871220	0	-1.8	0.53
19871221	0	-0.47	0.51
19871222	11.25	-2.47	0.51
19871223	0	-4.53	0.5
19871224	0.57	-3.33	0.46
19871225	0.14	1.03	0.49
19871226	1.94	3.83	0.6
19871227	1.68	-0.1	0.63
19871228	0	-3.97	0.58
19871229	6.63	-0.33	0.6
19871230	0	1.27	0.82
19871231	2.97	-1.2	0.83
19880101	0.55	3.23	1.07
19880102	10.38	3.33	1.36
19880103	0.51	3.13	1.5
19880104	2.91	1.87	1.28
19880105	0.6	0.43	1.11
19880106	0.57	-1.27	0.99
19880107	0.62	-0.8	0.89
19880108	0	-5.3	0.82
19880109	0	-4.57	0.88
19880110	0	2.57	0.81
19880111	14.67	1.63	0.84
19880112	0.61	-1	0.84
19880113	0	1.43	0.89
19880114	0	0.67	0.88
19880115	0	1.7	0.9
19880116	0	-0.4	0.86
19880117	0.19	-1.33	0.84
19880118	2.81	-0.03	0.82
19880119	2.3	1	0.82
19880120	0.33	0.53	0.82
19880121	0.45	1.7	0.9
19880122	0.58	1.7	0.91
19880123	13.77	0.37	0.88
19880124	0.58	-1.23	0.84
19880125	2.87	-0.13	0.82
19880126	9.31	-0.7	0.81
19880127	5.19	-1	0.77
19880128	4.64	-2.27	0.76
19880129	3.22	-2.1	0.73
19880130	3.39	-3.37	0.73
19880131	2.99	-3.2	0.75
19880201	8.33	-0.7	0.75
19880202	1.8	0.47	0.75
19880203	1.85	2.07	0.81
19880204	3.65	2	1.08
19880205	1.31	2.23	1.59
19880206	10.9	1.77	1.59
19880207	0.36	0.83	1.55
19880208	0.91	-0.9	1.46
19880209	3.44	0	1.37
19880210	4.41	1.43	1.4
19880211	4.57	2.07	1.79
19880212	0.44	1.63	1.89
19880213	0	0	1.7
19880214	0	0.6	1.61
19880215	1.12	1.87	1.59
19880216	1.29	-0.07	1.59
19880217	1.14	0	1.57
19880218	2.94	-2.8	1.54
19880219	0	-4.97	1.47
19880220	1.18	-6.97	1.49
19880221	3.5	-2.67	1.38
19880222	0.52	-6.3	1.42
19880223	0.5	-4.03	1.35
19880224	5.23	-6.8	1.29
19880225	2.23	-5.03	1.23
19880226	0	-4.53	1.22
19880227	1.75	-4.73	1.18
19880228	12.86	-1.5	1.16
19880229	4.55	-3.1	1.15
19880301	1.29	-4.7	1.11
19880302	0	-8.2	1.12
19880303	1.4	-8.1	1.09
19880304	3.92	-0.2	1.01
19880305	1.67	0.83	1.02
19880306	0.09	0.27	0.99
19880307	0.6	-0.87	0.95
19880308	0.55	-3.8	0.92
19880309	0.09	-4.97	0.89
19880310	4.92	-3.43	0.88
19880311	0.05	-0.1	0.85
19880312	0	-3.2	0.84
19880313	0.07	-7.43	0.82
19880314	0	-6.5	0.81
19880315	0	-7.5	0.81
19880316	1.68	-9.77	0.73
19880317	0.17	-5.27	0.68
19880318	0	-6.07	0.64
19880319	0	-4.03	0.62
19880320	0	0.27	0.58
19880321	0.28	0.1	0.53
19880322	0.48	-1.93	0.52
19880323	0.29	-0.3	0.5
19880324	0	-0.3	0.47
19880325	3.35	-0.57	0.46
19880326	9	0.77	0.47
19880327	0.19	1.47	0.52
19880328	0	1.77	0.57
19880329	0	1.5	0.6
19880330	0.15	1.53	0.58
19880331	0	2.5	0.75
19880401	0.44	3.53	0.95
19880402	2.76	3.4	1.47
19880403	0.45	2.57	2.22
19880404	0	4.43	2.49
19880405	0	5.23	3.2
19880406	0	5.27	3.43
19880407	0	5.37	3.43
19880408	2.71	1.13	3.31
19880409	0	-0.6	2.84
19880410	2.3	-0.3	2.72
19880411	4.42	0.47	2.6
19880412	0	-0.13	2.72
19880413	0	0.33	2.72
19880414	0	0.97	2.6
19880415	0	5.7	2.6
19880416	0.36	10.2	2.72
19880417	4.8	9.5	2.96
19880418	0.33	3.4	3.08
19880419	0	2.77	2.84
19880420	27.19	1.77	3.08
19880421	1	0.83	4.62
19880422	0.19	-0.7	3.79
19880423	0	-0.47	3.43
19880424	0	0.03	3.31
19880425	0	0.17	3.2
19880426	0	1.87	2.96
19880427	0	4.4	2.96
19880428	0	6.73	2.84
19880429	0	7.93	2.72
19880430	0	8.8	2.6
19880501	0	7.73	2.49
19880502	1.99	11.07	2.37
19880503	0	12.57	2.34
19880504	2.94	10.3	2.31
19880505	2.35	7	2.21
19880506	0.09	9.6	2.11
19880507	0.29	11.07	2.01
19880508	0	11.57	1.89
19880509	0	9.73	1.8
19880510	0	8.33	1.67
19880511	0	10.03	1.62
19880512	0	12.27	1.53
19880513	0	14.67	1.46
19880514	0	14.5	1.38
19880515	0	11.8	1.28
19880516	0	12.4	1.09
19880517	0	14.53	1.08
19880518	2.28	9.8	1.01
19880519	0	10.43	0.94
19880520	9.63	11.13	0.86
19880521	0.26	9.43	0.82
19880522	0.28	6.8	0.73
19880523	0	8.07	0.64
19880524	0	11.5	0.63
19880525	0	14.83	0.58
19880526	0	16.37	0.53
19880527	0	16.87	0.46
19880528	0	18.53	0.45
19880529	0	19.27	0.43
19880530	0	18.73	0.39
19880531	16.62	12.53	0.4
19880601	8.39	6.87	0.41
19880602	0.24	10.2	0.39
19880603	2.8	10.87	0.33
19880604	2.66	13.73	0.26
19880605	0.98	11.77	0.35
19880606	0	14.93	0.34
19880607	10.22	14.1	0.26
19880608	0.29	13.3	0.33
19880609	0.57	18.23	0.31
19880610	3.24	11.93	0.3
19880611	0	12.4	0.3
19880612	0	16.8	0.27
19880613	0	17.67	0.26
19880614	0	12.93	0.25
19880615	0	13.83	0.22
19880616	0	14.53	0.24
19880617	0	15.27	0.21
19880618	0	18.03	0.2
19880619	0	17.8	0.2
19880620	0	14.87	0.19
19880621	0	18.57	0.19
19880622	0	17.2	0.19
19880623	0	20.07	0.19
19880624	1.18	19.07	0.18
19880625	0.57	18.87	0.18
19880626	0	21.83	0.17
19880627	6.12	22.27	0.17
19880628	3.07	20.93	0.15
19880629	36.32	20.73	0.24
19880630	0	20.63	0.19
19880701	0	19.3	0.17
19880702	20.62	19.1	0.18
19880703	0	19.63	0.18
19880704	1.84	17.9	0.17
19880705	0	19.6	0.2
19880706	39.12	18.37	0.34
19880707	0	18.03	0.3
19880708	0	17.9	0.2
19880709	0	16.4	0.19
19880710	0.44	17.67	0.18
19880711	1.52	17.7	0.17
19880712	0	17.23	0.15
19880713	0	17.6	0.17
19880714	0	17.03	0.15
19880715	8.97	19.47	0.15
19880716	27.04	18.53	0.17
19880717	3.9	18.53	0.32
19880718	5.16	16.3	0.26
19880719	0.09	19.53	0.26
19880720	0.41	16.5	0.24
19880721	0	17.9	0.21
19880722	0	15.73	0.19
19880723	0	16.97	0.19
19880724	9.91	17.77	0.19
19880725	0	18.73	0.19
19880726	1.36	16.9	0.19
19880727	0	16.2	0.19
19880728	1.09	15.1	0.19
19880729	0.73	14.97	0.17
19880730	0	14.63	0.17
19880731	2.77	14.7	0.19
19880801	1.63	15.6	0.18
19880802	13.57	11.97	0.21
19880803	0.9	12.77	0.21
19880804	0	14.47	0.19
19880805	3.04	13.4	0.19
19880806	0	16.5	0.19
19880807	0	17.13	0.18
19880808	0	17.6	0.17
19880809	3.83	16.03	0.18
19880810	0	16.07	0.15
19880811	4.38	14.97	0.18
19880812	1.83	16.43	0.15
19880813	7.86	14.87	0.17
19880814	4.63	16.27	0.18
19880815	4.45	15.1	0.19
19880816	4.29	15.9	0.18
19880817	0	14.63	0.18
19880818	0.14	15.17	0.18
19880819	5.48	13.13	0.18
19880820	1.56	15.93	0.19
19880821	0.09	15.33	0.22
19880822	0.61	13.93	0.22
19880823	39.26	13.57	0.26
19880824	1.23	13.3	0.4
19880825	0.05	14.23	0.35
19880826	0	13.6	0.31
19880827	0	13.63	0.28
19880828	0	15.13	0.26
19880829	7.36	15.73	0.27
19880830	0	14.47	0.27
19880831	0	13.2	0.27
19880901	4.42	13.3	0.26
19880902	0.48	15.23	0.26
19880903	0.86	16.57	0.21
19880904	0	14.6	0.31
19880905	0	11.8	0.25
19880906	0	12.33	0.24
19880907	0	13.47	0.25
19880908	0	13.03	0.22
19880909	0	15.53	0.24
19880910	0	15.23	0.24
19880911	0	14.07	0.21
19880912	1.85	10.4	0.21
19880913	3.97	10.8	0.21
19880914	0.09	10.27	0.22
19880915	0	11.33	0.21
19880916	0	12.43	0.19
19880917	0.05	9.47	0.19
19880918	0.89	9.93	0.19
19880919	0.14	13.37	0.19
19880920	0	14.03	0.19
19880921	0	9.47	0.18
19880922	1.32	9.7	0.17
19880923	2.04	12.5	0.17
19880924	1.64	11.43	0.18
19880925	0.48	11.83	0.15
19880926	6.01	9.33	0.18
19880927	0.82	10.47	0.17
19880928	2.6	11.93	0.15
19880929	2.45	10.6	0.13
19880930	0	9.5	0.14
19881001	0	7.23	0.15
19881002	0	10.53	0.15
19881003	0	10.07	0.15
19881004	0.22	7.47	0.14
19881005	0	8.13	0.13
19881006	7.31	10.43	0.11
19881007	5.24	8.93	0.14
19881008	0.22	8.23	0.14
19881009	3.46	8	0.14
19881010	0	8.07	0.14
19881011	0	2.23	0.14
19881012	0	1.97	0.14
19881013	1.35	8.27	0.13
19881014	0	9.9	0.13
19881015	0	7.33	0.13
19881016	0	4.93	0.13
19881017	0.29	3.53	0.15
19881018	0	5.97	0.14
19881019	0	7.03	0.13
19881020	0	6.17	0.09
19881021	0	3.3	0.12
19881022	0	3.4	0.13
19881023	0	5.33	0.12
19881024	0	-2.47	0.11
19881025	0	-2.67	0.13
19881026	3.14	1.3	0.1
19881027	27.64	3.83	0.2
19881028	29.2	4.83	0.78
19881029	0	-2.63	0.66
19881030	0	-5.13	0.39
19881031	0.19	-3.37	0.32
19881101	17.44	-0.83	0.32
19881102	0	-4.73	0.31
19881103	0	-0.13	0.32
19881104	0	0.57	0.32
19881105	0	2.5	0.34
19881106	0	0.3	0.38
19881107	0	-0.57	0.35
19881108	0	-5.97	0.33
19881109	0	-4.7	0.32
19881110	0	0.2	0.31
19881111	0	4.4	0.34
19881112	0	3.73	0.44
19881113	0	1.33	0.45
19881114	0	0.43	0.38
19881115	0	-1.53	0.37
19881116	0	1.73	0.35
19881117	5.67	1.37	0.34
19881118	1.23	-2.37	0.33
19881119	0	-7.47	0.31
19881120	0	-9.47	0.31
19881121	0	-11.13	0.28
19881122	0.05	-1.8	0.28
19881123	0	-0.93	0.28
19881124	0	1.83	0.28
19881125	0	3.13	0.28
19881126	0	-3.37	0.26
19881127	0	-5	0.25
19881128	10.22	-6.6	0.25
19881129	1.17	-4.4	0.24
19881130	0	-13.13	0.22
19881201	0	-17.47	0.21
19881202	0	-15.2	0.21
19881203	0	-14.8	0.2
19881204	6.48	-3.6	0.2
19881205	4.73	0	0.2
19881206	1.57	-2.2	0.19
19881207	0	-3.3	0.19
19881208	2	-2.27	0.19
19881209	0	-1.67	0.19
19881210	1.32	-7.13	0.19
19881211	0	-4.53	0.19
19881212	0	-6.07	0.19
19881213	0	-0.33	0.19
19881214	0	-2.67	0.18
19881215	0	-7.23	0.17
19881216	0.24	-1.03	0.17
19881217	0	-1	0.18
19881218	9.07	-5.9	0.17
19881219	0.36	-3.57	0.18
19881220	1.02	-13.03	0.18
19881221	1.52	-1.27	0.17
19881222	1.04	1.13	0.17
19881223	0	0.17	0.17
19881224	0	-2.67	0.17
19881225	0.98	-8.57	0.15
19881226	10.44	-3.97	0.17
19881227	6.22	-1.5	0.17
19881228	0	-1.1	0.17
19881229	0	4.5	0.5
19881230	0.66	2.2	0.59
19881231	0	1.8	0.54
19890101	0.05	-2.67	0.33
19890102	0	1.53	0.31
19890103	0	3.03	0.43
19890104	0.05	1.57	0.4
19890105	0.77	3.03	0.59
19890106	0	-1.6	0.43
19890107	0	-1.2	0.38
19890108	0.19	-1.3	0.34
19890109	0	4.1	0.35
19890110	0	2.03	0.38
19890111	0	-0.83	0.33
19890112	3.01	3.5	0.37
19890113	1.28	3.2	0.62
19890114	4.08	2.03	0.62
19890115	0.24	6.27	0.83
19890116	0	5.1	0.83
19890117	0	4.4	0.82
19890118	0	0.2	0.66
19890119	0	2.47	0.62
19890120	0	5.27	0.64
19890121	0	3.03	0.78
19890122	0	2.2	0.79
19890123	1.46	-0.93	0.72
19890124	0	3.07	0.71
19890125	0	4.43	0.76
19890126	0	0.7	0.77
19890127	0	3.87	0.78
19890128	0	6.7	0.94
19890129	0	4.4	0.9
19890130	0	5.07	0.9
19890131	0	0.8	0.82
19890201	0	1.57	0.77
19890202	0	3.8	0.79
19890203	0	6.37	0.78
19890204	0.66	7.2	0.83
19890205	0.19	4.3	0.91
19890206	0.24	6.23	0.86
19890207	0.8	7.8	0.86
19890208	0	2.93	0.84
19890209	0	-2.03	0.79
19890210	0	0.23	0.77
19890211	0	2.6	0.77
19890212	0	3.37	0.77
19890213	1.47	0.6	0.77
19890214	3.21	1.47	0.76
19890215	1.18	0.53	0.75
19890216	0	0	0.77
19890217	0	-1.13	0.73
19890218	8.37	-2.8	0.69
19890219	1.32	3.4	0.78
19890220	0	1.77	0.77
19890221	0	0.27	0.72
19890222	0.09	-0.77	0.69
19890223	5.26	0.67	0.69
19890224	0	1.2	0.68
19890225	12.25	1.07	0.76
19890226	3.47	3.67	1.29
19890227	4.08	3.63	1.84
19890228	0.87	2.17	1.5
19890301	0.26	2.43	1.3
19890302	0	1.73	1.24
19890303	0	-0.73	1.16
19890304	0.6	1	1.14
19890305	4.42	2.37	1.27
19890306	0	-0.03	1.25
19890307	0.09	2.93	1.24
19890308	0	2.1	1.18
19890309	0.91	1.23	1.14
19890310	6.21	3.33	1.14
19890311	3.13	4.57	1.43
19890312	0	3.4	1.44
19890313	9.63	1.63	1.42
19890314	0.14	4.03	1.68
19890315	0	2.33	1.5
19890316	4.39	1.03	1.46
19890317	0	1.1	1.48
19890318	0.77	0.53	1.38
19890319	0.05	4.4	1.35
19890320	3.06	4.77	1.36
19890321	2.15	5	1.37
19890322	4.29	3.63	1.4
19890323	2.25	2.53	1.49
19890324	6.86	1.47	1.55
19890325	0.15	2.83	1.68
19890326	0	3.8	1.55
19890327	0	2.77	1.47
19890328	0.19	6.53	1.43
19890329	0	6.2	1.43
19890330	1.67	3.3	1.37
19890331	1.92	3.07	1.35
19890401	0.14	0.13	1.35
19890402	0.61	-1.5	1.31
19890403	0.05	-1.63	1.28
19890404	0	-1.83	1.27
19890405	0	-0.47	1.23
19890406	0.29	1.77	1.18
19890407	3.9	2.6	1.18
19890408	2.84	3.9	1.15
19890409	3.38	4.63	1.22
19890410	0.85	5.87	1.21
19890411	0.31	6.8	1.14
19890412	0	10.73	1.1
19890413	0	12.07	1.03
19890414	0	12.33	0.98
19890415	0	8.53	0.91
19890416	0.44	4.97	0.89
19890417	2.52	2.27	0.89
19890418	5.87	3.77	0.84
19890419	2.11	3.07	0.79
19890420	0.19	4.6	0.77
19890421	0	6.77	0.75
19890422	7.75	7.6	0.71
19890423	0.09	3.07	0.71
19890424	1.96	3.47	0.66
19890425	10.2	4.47	0.7
19890426	1.63	10.4	0.83
19890427	4.32	9.93	0.76
19890428	0.38	7.13	0.77
19890429	0	8.07	0.73
19890430	0	8.07	0.71
19890501	0	8.7	0.65
19890502	0	11.47	0.62
19890503	0	13.33	0.62
19890504	0	12.2	0.62
19890505	0.09	10.27	0.59
19890506	0.05	8.97	0.57
19890507	0.15	9.73	0.53
19890508	0	11.2	0.5
19890509	6.98	9.33	0.5
19890510	0.09	9.03	0.47
19890511	0	8.4	0.47
19890512	8.92	7.83	0.46
19890513	3.9	9.63	0.5
19890514	3.95	8.53	0.51
19890515	0	11.9	0.5
19890516	0	14.87	0.46
19890517	0	12.77	0.45
19890518	0	13.33	0.44
19890519	0	14.5	0.4
19890520	0	12.83	0.41
19890521	0	10.53	0.4
19890522	0	14.43	0.4
19890523	0	18.33	0.38
19890524	0	19.43	0.38
19890525	0	19.17	0.35
19890526	1.23	12.77	0.35
19890527	0.05	11.67	0.35
19890528	0.15	13.4	0.33
19890529	0	12.87	0.25
19890530	1.78	11.27	0.31
19890531	28.73	6.47	0.37
19890601	2.26	8.63	0.4
19890602	0	11.07	0.35
19890603	0.74	9.7	0.34
19890604	4.6	9.6	0.33
19890605	0	12.23	0.33
19890606	0	13.9	0.32
19890607	17.41	12.37	0.33
19890608	6.7	12.8	0.4
19890609	0	12.83	0.38
19890610	0.87	12.47	0.35
19890611	0	14.7	0.34
19890612	0	16.37	0.32
19890613	0	14.9	0.31
19890614	0	11.43	0.3
19890615	0	12.33	0.3
19890616	0	12.87	0.28
19890617	0	17.6	0.28
19890618	0	16.53	0.27
19890619	0	17.27	0.26
19890620	3.29	20.03	0.26
19890621	0.99	18.8	0.26
19890622	0.44	20.87	0.25
19890623	0	20.53	0.24
19890624	0	15.97	0.22
19890625	0	15.53	0.22
19890626	0	20.13	0.2
19890627	0	20.13	0.19
19890628	16.03	18.67	0.21
19890629	0.07	14.53	0.2
19890630	0	14	0.19
19890701	0	14.4	0.19
19890702	0	14.93	0.18
19890703	0	17.53	0.18
19890704	0	21.17	0.15
19890705	0	22.4	0.15
19890706	0	20.27	0.14
19890707	0	23.17	0.14
19890708	0	22.5	0.11
19890709	0.99	18.43	0.13
19890710	0.29	14.27	0.13
19890711	0	17.27	0.13
19890712	0	16.23	0.13
19890713	8.69	16.5	0.1
19890714	6.28	11.63	0.12
19890715	0.15	12.87	0.13
19890716	1.22	11.5	0.13
19890717	0	11.9	0.12
19890718	0	12.07	0.1
19890719	0	13.7	0.1
19890720	0	15.8	0.12
19890721	0	16.13	0.1
19890722	0.73	17.17	0.1
19890723	0	20.07	0.09
19890724	0	20.6	0.09
19890725	0	21.63	0.08
19890726	0	21.8	0.08
19890727	2.19	20.73	0.07
19890728	0	18.07	0.05
19890729	0.22	17.5	0.05
19890730	0.79	17.87	0.06
19890731	52.2	16.3	0.21
19890801	1.22	14.3	0.17
19890802	1.66	15.23	0.13
19890803	20.91	13.73	0.1
19890804	9.71	14.37	0.19
19890805	3.42	15.97	0.17
19890806	0	17.37	0.17
19890807	0.73	16.67	0.15
19890808	0	16.77	0.14
19890809	0	17.3	0.13
19890810	2.28	17.13	0.13
19890811	3.49	17.23	0.1
19890812	0.87	17.53	0.13
19890813	0	16.3	0.13
19890814	0	16.37	0.17
19890815	8.39	16.43	0.15
19890816	13.84	18.7	0.15
19890817	10.69	16.37	0.25
19890818	0.76	14.7	0.25
19890819	0	15.9	0.21
19890820	1.59	15.73	0.19
19890821	0	19.67	0.18
19890822	0	16.8	0.19
19890823	7.47	15.63	0.17
19890824	2.51	11.87	0.18
19890825	0	9.87	0.18
19890826	0.05	10.73	0.17
19890827	0	10.27	0.17
19890828	0	10.1	0.15
19890829	0	10.23	0.15
19890830	0	12.63	0.14
19890831	1.72	14.03	0.14
19890901	0.7	12.33	0.18
19890902	0	13.53	0.14
19890903	0.44	12.3	0.14
19890904	0	11.3	0.15
19890905	0	12.87	0.13
19890906	0	16.33	0.13
19890907	0	13.43	0.11
19890908	0.22	12.13	0.1
19890909	0	11.5	0.1
19890910	0	9.4	0.1
19890911	0	8.07	0.12
19890912	0	11.57	0.13
19890913	0	12.3	0.12
19890914	3.43	10.93	0.11
19890915	1.96	12.5	0.11
19890916	2.92	10.47	0.1
19890917	5.28	8.83	0.09
19890918	0	11.87	0.08
19890919	0.19	15.57	0.09
19890920	0	14.63	0.1
19890921	0	16.53	0.09
19890922	0	14.57	0.08
19890923	0.48	15.13	0.08
19890924	0	14.43	0.08
19890925	0	11.27	0.06
19890926	0.09	12.37	0.11
19890927	0	13.4	0.09
19890928	0	8.63	0.09
19890929	0	6.3	0.06
19890930	0	7.1	0.08
19891001	0	6.03	0.08
19891002	0	6.6	0.12
19891003	0	6.6	0.06
19891004	0	7.57	0.1
19891005	0	8.27	0.05
19891006	0.22	9.13	0.06
19891007	0	6.73	0.07
19891008	0.47	4.33	0.07
19891009	2.18	5.6	0.07
19891010	0.15	5	0.07
19891011	0	3.37	0.07
19891012	4.43	2.9	0.08
19891013	0	5.73	0.08
19891014	0	5.83	0.07
19891015	0	2.73	0.07
19891016	9.11	3.13	0.07
19891017	0.31	5.93	0.07
19891018	0.36	4.83	0.07
19891019	0	8.07	0.07
19891020	0.51	9.83	0.07
19891021	20.3	9.87	0.09
19891022	5.99	10.7	0.1
19891023	0	9.6	0.11
19891024	0.05	8.7	0.1
19891025	0.8	9.27	0.09
19891026	0	9	0.08
19891027	0	4.93	0.06
19891028	1.34	5.87	0.08
19891029	22.13	7.23	0.1
19891030	2.98	6.8	0.24
19891031	0.9	5.5	0.2
19891101	0.19	5.47	0.18
19891102	0	5.43	0.15
19891103	9.13	6.13	0.15
19891104	0.15	6.43	0.2
19891105	8.03	4.8	0.24
19891106	0.64	3.97	0.26
19891107	6.05	7.53	0.27
19891108	0	3.97	0.31
19891109	0.19	5.77	0.26
19891110	0.14	5.83	0.25
19891111	0.89	8.13	0.24
19891112	0	9.77	0.24
19891113	0	3.23	0.24
19891114	1.59	3.4	0.24
19891115	0	2	0.24
19891116	0	0.93	0.25
19891117	0	-0.27	0.24
19891118	0	-0.47	0.22
19891119	0.19	-0.33	0.21
19891120	1.99	0.2	0.2
19891121	4.49	-3.7	0.2
19891122	0.09	-2.83	0.2
19891123	0	-5.93	0.19
19891124	0	-7.77	0.19
19891125	0.44	-7.7	0.19
19891126	0	-4.23	0.17
19891127	2.66	-2.2	0.18
19891128	0	-5.77	0.18
19891129	0	-2.3	0.17
19891130	0	-1.9	0.17
19891201	0	-2.4	0.15
19891202	0	-0.17	0.15
19891203	0	2.27	0.14
19891204	0	0.63	0.14
19891205	0	-2.17	0.14
19891206	0	1.93	0.14
19891207	0	-2.57	0.13
19891208	0	-7.13	0.14
19891209	0.28	-10.83	0.12
19891210	2.12	-5.47	0.13
19891211	1.52	-6.57	0.12
19891212	0.28	-7.27	0.12
19891213	0	-10.63	0.12
19891214	0	-18.53	0.13
19891215	0	-23.3	0.13
19891216	2.89	-7.93	0.13
19891217	10	-4	0.12
19891218	1.71	2.27	0.12
19891219	0.89	2.2	0.12
19891220	0	-2.2	0.11
19891221	4.89	-1.93	0.12
19891222	0	-2.2	0.11
19891223	7.72	-1.77	0.1
19891224	0.05	-0.57	0.1
19891225	0.48	3.57	0.15
19891226	0	3.73	0.21
19891227	0	2.2	0.24
19891228	0	-1.17	0.18
19891229	0	-4.27	0.15
19891230	0	-4.7	0.14
19891231	0	-5.1	0.13
19900101	0	-6.6	0.13
19900102	0	-5.4	0.13
19900103	0	-5.27	0.11
19900104	0	-1.4	0.14
19900105	0	-1.3	0.12
19900106	0	-3.3	0.12
19900107	1.16	0.37	0.12
19900108	0	1.97	0.1
19900109	0	1.83	0.11
19900110	5.71	1.67	0.14
19900111	0.33	2.9	0.19
19900112	3.25	-0.7	0.15
19900113	0.73	2.4	0.2
19900114	0.09	-1.37	0.17
19900115	9.3	1.53	0.14
19900116	1.09	2.4	0.2
19900117	0.52	3.73	0.49
19900118	0	0.13	0.35
19900119	3.1	-2.37	0.15
19900120	6.17	1.1	0.24
19900121	0	-1.23	0.2
19900122	4.52	-0.5	0.31
19900123	7.74	3.03	0.83
19900124	0.43	2.87	0.96
19900125	5.3	0.73	0.41
19900126	8.55	0.27	0.35
19900127	0	-6.73	0.34
19900128	10.76	-1.1	0.39
19900129	0	2.33	1.22
19900130	1.73	1.5	0.78
19900131	4.01	3.23	1.1
19900201	0.14	4.2	1.3
19900202	2.74	3.47	1.08
19900203	0.65	3.37	1.15
19900204	0.19	2.27	1.09
19900205	0	7.1	1.4
19900206	0	7.3	1.5
19900207	3.68	3.9	1.35
19900208	3.65	2.9	1.73
19900209	0	1.07	1.4
19900210	0	4.23	1.36
19900211	0.89	2.4	1.44
19900212	1.32	1.77	1.41
19900213	6.55	2.3	1.5
19900214	0.19	0.63	1.63
19900215	0.14	-0.73	1.53
19900216	0	-2.7	1.38
19900217	2.59	-3.87	1.35
19900218	0	1.3	1.33
19900219	1.15	3.83	1.41
19900220	0.42	9.07	1.61
19900221	0.67	7.43	1.6
19900222	0	6.1	1.51
19900223	0	8.63	1.44
19900224	15.52	7.67	1.44
19900225	2.79	4.7	2.14
19900226	22.34	3.03	2.3
19900227	9.75	0.97	4.03
19900228	0	-0.4	3.08
19900301	0	-0.67	2.49
19900302	0	-0.57	2.34
19900303	2.28	-1.77	2.22
19900304	3.64	1.97	2.27
19900305	0.15	4.73	2.33
19900306	0	2.3	2.33
19900307	1.54	0.73	2.25
19900308	3.09	4.93	2.24
19900309	5.92	2.2	2.29
19900310	0	-0.5	2.3
19900311	8.67	-1.77	2.22
19900312	0.22	1.3	2.21
19900313	0	-2.1	2.15
19900314	0	-0.7	2.07
19900315	1.52	5.63	2.04
19900316	0	8.33	2.2
19900317	0	10.03	2.11
19900318	0	10.47	2
19900319	0	10.3	1.93
19900320	0.15	6.3	1.87
19900321	6.4	4.8	1.87
19900322	0	7.67	1.81
19900323	0.29	5.37	1.74
19900324	0.05	8.03	1.68
19900325	0	3.97	1.56
19900326	0	2.73	1.44
19900327	0	3.5	1.46
19900328	0	4.5	1.34
19900329	0	5.3	1.24
19900330	0	7.97	1.16
19900331	0	9.53	0.95
19900401	4.12	8.43	1.15
19900402	14.13	1.93	0.88
19900403	4.07	5.77	1.37
19900404	0.91	0.73	1.11
19900405	0	0.57	1.1
19900406	7.39	1.67	1.07
19900407	0	-1.53	1.09
19900408	0	1.13	1.16
19900409	0	5.27	1.14
19900410	0.26	4.83	0.94
19900411	0.43	3.03	0.91
19900412	0.05	5.83	0.89
19900413	1.14	6.87	0.89
19900414	1.09	6.5	0.88
19900415	1.65	8.5	0.85
19900416	1.31	7.13	0.82
19900417	1.65	5.13	0.78
19900418	0.19	5.87	0.78
19900419	0	5.77	0.7
19900420	0	8.27	0.66
19900421	0	9.03	0.66
19900422	0	9.1	0.66
19900423	0	10.13	0.6
19900424	0	10.5	0.6
19900425	0	10.9	0.51
19900426	1.37	10.77	0.49
19900427	0	6.8	0.49
19900428	0.5	7.63	0.49
19900429	0	11.33	0.47
19900430	0	16.6	0.4
19900501	0	14.6	0.44
19900502	0	16.83	0.43
19900503	0	19.33	0.38
19900504	0	16.8	0.38
19900505	0	18.33	0.37
19900506	0	17.07	0.31
19900507	0	14.97	0.32
19900508	0	13.43	0.28
19900509	0	14.3	0.24
19900510	0	16.6	0.35
19900511	0	9.17	0.14
19900512	0	8.73	0.24
19900513	4.07	10.53	0.25
19900514	2.55	9.03	0.32
19900515	0	13.6	0.22
19900516	6.03	8.17	0.19
19900517	0.77	6.9	0.14
19900518	0	7.2	0.18
19900519	0	8.27	0.2
19900520	0	9.33	0.19
19900521	0	9.4	0.21
19900522	0	8.33	0.19
19900523	1.71	10.43	0.14
19900524	3.85	10.8	0.15
19900525	0.29	8.47	0.17
19900526	1.8	5.8	0.17
19900527	0.09	7.53	0.15
19900528	0	10.5	0.15
19900529	0.07	11.23	0.26
19900530	0	13.73	0.17
19900531	0	13.87	0.12
19900601	0	14.4	0.13
19900602	0	13.9	0.13
19900603	0	15.93	0.13
19900604	0.28	16.57	0.09
19900605	0.6	13.27	0.18
19900606	0	11.8	0.07
19900607	0	11.27	0.08
19900608	0	13.5	0.05
19900609	0	14.5	0.07
19900610	0	14.8	0.1
19900611	8.6	14.7	0.1
19900612	0	14.7	0.05
19900613	0	14.47	0
19900614	0	13.57	0.06
19900615	0.7	13.23	0.07
19900616	6.53	14.63	0.07
19900617	1.89	10.97	0.08
19900618	3.84	11.07	0.05
19900619	0	14.23	0.03
19900620	6.88	14.03	0.09
19900621	9.89	16.73	0.08
19900622	4.02	15.63	0.09
19900623	1.27	16.07	0.08
19900624	0	15.67	0.08
19900625	0	17.4	0.08
19900626	0	16.5	0.08
19900627	1.3	17.33	0.07
19900628	9.94	14.83	0.09
19900629	0	17.3	0.04
19900630	0	16.07	0.03
19900701	12.4	15.67	0.06
19900702	2.65	15.03	0.08
19900703	3.7	14.43	0.08
19900704	0	14.9	0.07
19900705	19.15	14.3	0.1
19900706	4.79	14.47	0.12
19900707	0.78	15.57	0.1
19900708	2.57	14.87	0.08
19900709	0.6	15.47	0.1
19900710	0.5	14.9	0.09
19900711	1.55	14.97	0.09
19900712	2.61	15.47	0.08
19900713	0.6	14	0.05
19900714	0	14.5	0.07
19900715	0.53	15.93	0.07
19900716	8.87	14.63	0.08
19900717	2.24	15.53	0.08
19900718	4.63	14.7	0.14
19900719	5.92	13.5	0.13
19900720	0.86	15.87	0.05
19900721	8.23	16.93	0
19900722	2.98	14.33	0.08
19900723	2.38	14.37	0.08
19900724	0	15.07	0.08
19900725	0	15.77	0.08
19900726	0	16.97	0.08
19900727	0	19.3	0.07
19900728	0	20.37	0.04
19900729	8.03	16.43	0.05
19900730	0.58	17.57	0.07
19900731	5.79	15.9	0.1
19900801	0	17.73	0.09
19900802	0	19.83	0.08
19900803	0	21.1	0.08
19900804	0	20.77	0.07
19900805	0.85	19.03	0.07
19900806	0.29	14.53	0.08
19900807	0	14.37	0.07
19900808	0.15	14.07	0.07
19900809	0.72	14.97	0.07
19900810	0	14.53	0.05
19900811	0	15.87	0.05
19900812	0	15.73	0.05
19900813	12.39	17.33	0.03
19900814	0.09	17.5	0
19900815	0	18.2	0.02
19900816	3.04	17.93	0.06
19900817	0.43	17.83	0.07
19900818	0.86	15.77	0.06
19900819	0.38	14.9	0.09
19900820	0	14.13	0.07
19900821	0	15.6	0.06
19900822	0	16.27	0.06
19900823	0	15.53	0.06
19900824	1.21	10.93	0.07
19900825	5.48	10.23	0.05
19900826	0.24	11.87	0.06
19900827	0	12.3	0.08
19900828	0	16.4	0.06
19900829	0	17.87	0.06
19900830	0	16.23	0.04
19900831	0	16.67	0.08
19900901	20.64	15.97	0.13
19900902	18.87	13.2	0.11
19900903	0	12.73	0.06
19900904	0	10.8	0.06
19900905	0	10.67	0.06
19900906	3.83	10.17	0.07
19900907	4.55	11.3	0.07
19900908	0.15	11.63	0.08
19900909	12.22	11.27	0.09
19900910	0	12.93	0.1
19900911	0	9.93	0.1
19900912	0.57	9.3	0.14
19900913	0	10.3	0.1
19900914	0.38	11.47	0.09
19900915	1.21	10.47	0.09
19900916	0	9.7	0.09
19900917	0	9.03	0.09
19900918	7.59	10.47	0.09
19900919	14.6	9.9	0.08
19900920	4.31	9.6	0.14
19900921	12.25	7.67	0.22
19900922	21.56	8.87	0.35
19900923	0.24	6.6	0.56
19900924	0	6.8	0.37
19900925	8.96	5.7	0.33
19900926	0.14	4.33	0.4
19900927	0	4.8	0.33
19900928	1.48	7.43	0.32
19900929	2.74	9.5	0.28
19900930	0.05	6.8	0.28
19901001	0.09	6.33	0.31
19901002	3.77	6.03	0.22
19901003	0	10.23	0.17
19901004	6.06	10.13	0.18
19901005	11.02	9.77	0.08
19901006	0.22	7.5	0.27
19901007	13.41	5.63	0.58
19901008	1.58	3.8	0.49
19901009	0.14	10.17	0.51
19901010	0	9.63	0.33
19901011	0	6.27	0.3
19901012	0	5.23	0.44
19901013	0	9.63	0.39
19901014	0	8.8	0.37
19901015	0	10.53	0.43
19901016	0	11.1	0.5
19901017	0	10.77	0.57
19901018	3.41	6.07	0.71
19901019	0.47	6.4	0.76
19901020	0	3.37	0.75
19901021	0	1.33	0.69
19901022	0	2.4	0.63
19901023	0	2.7	0.66
19901024	0	0.23	0.64
19901025	0	-0.97	0.63
19901026	0	0.23	0.6
19901027	0	5.47	0.59
19901028	0	7	0.57
19901029	13.72	6.57	0.57
19901030	4.22	6.43	0.77
19901031	2.84	3.8	0.72
19901101	4.24	1.47	0.73
19901102	0.38	0.67	0.73
19901103	0	1.9	0.69
19901104	0	2.1	0.66
19901105	0	1.27	0.65
19901106	0	3.37	0.76
19901107	0	5.97	0.47
19901108	0	5.77	0.62
19901109	0	1.93	0.6
19901110	0	-0.3	0.59
19901111	0	-0.5	0.58
19901112	0	0.83	0.58
19901113	3.9	1.73	0.57
19901114	4.96	3.73	0.62
19901115	4.78	3	0.64
19901116	14.84	4.77	0.81
19901117	0.47	2.43	1.55
19901118	0	-0.37	1.2
19901119	0.19	-1.63	0.98
19901120	0.38	-1.1	0.88
19901121	1.59	-3.57	0.85
19901122	1.09	-7.67	0.83
19901123	0.15	-2.27	0.81
19901124	9.54	0.53	0.81
19901125	2.54	0.43	0.82
19901126	0	-3.17	0.79
19901127	0	-5.93	0.72
19901128	8.59	-2.17	0.65
19901129	0	-0.1	0.68
19901130	0	-5.73	0.6
19901201	0	1.2	0.65
19901202	0	1.7	0.6
19901203	0	5.53	0.83
19901204	0	1.07	0.75
19901205	0	-2.83	0.7
19901206	0	1.27	0.66
19901207	9.77	4.47	0.71
19901208	2.76	0.2	0.69
19901209	0	-1.93	0.66
19901210	0.62	-2	0.65
19901211	1.73	-0.47	0.64
19901212	0.09	-0.07	0.63
19901213	0	-5.47	0.58
19901214	0	-2.47	0.59
19901215	0	-2	0.58
19901216	0	0.03	0.56
19901217	0	-0.77	0.5
19901218	1.39	-1.03	0.3
19901219	3.64	-0.2	0.41
19901220	0.65	-1.93	0.46
19901221	0	-8.53	0.44
19901222	5.08	-9.63	0.51
19901223	3.37	0.97	0.46
19901224	0	3.27	0.79
19901225	1.28	0.6	0.69
19901226	3.37	1.17	0.59
19901227	1.44	2.8	0.9
19901228	0	1.17	0.88
19901229	12.03	1.2	1.07
19901230	0	1.23	1.28
19901231	0	-3.5	0.99
19910101	0	-6.63	0.99
19910102	14.37	0.47	1.09
19910103	0	2.33	1.46
19910104	6.94	0.43	1.23
19910105	1.96	2.6	1.4
19910106	0	1.87	1.33
19910107	2.81	0.13	1.22
19910108	4.49	0.1	1.18
19910109	8.9	0.8	1.3
19910110	11.47	-1.13	1.36
19910111	1.09	-2.97	1.37
19910112	0	-3.47	1.23
19910113	0	-11.4	1.28
19910114	0	-6.9	1.48
19910115	0	-6.8	1.04
19910116	0	-5.53	0.95
19910117	0	-5.43	0.89
19910118	0	-2.4	0.91
19910119	0	-0.03	0.9
19910120	1.29	1.93	0.9
19910121	0	1	1.02
19910122	0	-1.7	0.9
19910123	0	1.47	0.85
19910124	0	-0.93	0.82
19910125	0	1.5	0.78
19910126	2.56	1.47	0.76
19910127	0	-0.9	0.73
19910128	0	0.6	0.72
19910129	0	-2.17	0.69
19910130	0	-3.2	0.69
19910131	0	-2.4	0.65
19910201	0	-4.8	0.54
19910202	0.05	-6.23	0.56
19910203	0	-4.33	0.53
19910204	0	-6.2	0.51
19910205	0	-4.83	0.49
19910206	0	-5.37	0.47
19910207	0	-9.37	0.46
19910208	0.88	-6.5	0.46
19910209	0	-4.33	0.45
19910210	1.18	-4.33	0.43
19910211	0.95	-5.47	0.41
19910212	3.9	-5.27	0.41
19910213	1.05	-4.77	0.4
19910214	0.67	-6.7	0.38
19910215	0.24	-9.7	0.4
19910216	0	-11.83	0.43
19910217	0.82	-8.27	0.38
19910218	0	-7.53	0.38
19910219	1.04	-3.3	0.37
19910220	0	1.23	0.37
19910221	0	2.5	0.57
19910222	0	1.77	0.49
19910223	10.07	1.93	1.11
19910224	0	5.63	1.63
19910225	0	3.77	1.04
19910226	0	-0.83	0.64
19910227	0	-2.33	0.58
19910228	3.61	-2.93	0.54
19910301	0	-1.23	0.53
19910302	0.47	-0.7	0.51
19910303	3.49	-0.33	0.49
19910304	0.15	-0.1	0.47
19910305	0	-3.43	0.46
19910306	0	-0.4	0.45
19910307	0	1.47	0.45
19910308	0	1.07	0.43
19910309	0	0.13	0.41
19910310	0.69	0.73	0.4
19910311	0.36	3.03	0.54
19910312	0	3.7	0.69
19910313	11.91	-0.37	0.52
19910314	4.3	2.5	1.67
19910315	0	0.17	0.99
19910316	0	-2.2	0.7
19910317	0	0.93	0.69
19910318	1.64	2.6	0.82
19910319	4.09	3.77	1.2
19910320	1.16	5.53	1.51
19910321	6.32	3.93	1.7
19910322	1.92	3.37	1.97
19910323	1.87	0.97	1.8
19910324	0.7	-1.37	1.56
19910325	0	2.77	1.56
19910326	0.24	4.73	1.64
19910327	0	4.07	1.75
19910328	0	3.33	1.68
19910329	0	4.8	1.6
19910330	1.41	3.4	1.64
19910331	0.36	2.53	1.53
19910401	0.8	6.9	1.51
19910402	0	8.07	1.61
19910403	0	9.8	1.62
19910404	0.65	6.83	1.55
19910405	0.09	6.93	1.54
19910406	0.15	7.03	1.54
19910407	0	7.07	1.47
19910408	2.86	6	1.46
19910409	0	4.83	1.43
19910410	0	6.8	1.38
19910411	0	10.27	1.35
19910412	0	9.57	1.31
19910413	0	10.37	1.25
19910414	0	6.37	1.25
19910415	0	7.97	1.21
19910416	6.17	4.43	1.23
19910417	1.55	-1.23	1.23
19910418	0.05	-1.8	1.18
19910419	0	-1.2	1.15
19910420	0.05	-1.03	1.1
19910421	0	0.37	1.05
19910422	0	2.4	0.99
19910423	0	3.9	0.94
19910424	0	6.07	0.89
19910425	0	4.37	0.83
19910426	4.53	2.2	0.77
19910427	0	5.57	0.71
19910428	0	6.53	0.7
19910429	0	5.2	0.66
19910430	0.15	5.17	0.63
19910501	7.62	4.43	0.62
19910502	2.39	4.73	0.59
19910503	1.58	6.6	0.58
19910504	0	5.1	0.57
19910505	0	6.67	0.51
19910506	0	5.37	0.47
19910507	0	6	0.46
19910508	0	8.03	0.44
19910509	0	7.07	0.37
19910510	0	11.6	0.33
19910511	0	11.83	0.33
19910512	0	11.4	0.32
19910513	0.28	11.43	0.32
19910514	7.3	7.6	0.34
19910515	8.17	5.1	0.37
19910516	5.22	4.9	0.39
19910517	0	4.87	0.39
19910518	0	6.27	0.38
19910519	0.15	10.03	0.38
19910520	0.22	11.17	0.38
19910521	0.24	12.23	0.37
19910522	0.41	10.57	0.35
19910523	0.09	7.83	0.34
19910524	0	7.83	0.33
19910525	4.16	7.27	0.33
19910526	1.3	8.17	0.32
19910527	0	9.87	0.28
19910528	0	13.03	0.24
19910529	0	14.87	0.24
19910530	0	14.3	0.22
19910531	0	11.57	0.24
19910601	0	8.03	0.18
19910602	0	8.57	0.11
19910603	1.89	8.77	0.18
19910604	20.38	6.93	0.12
19910605	2.83	9.8	0.13
19910606	0	10.6	0.13
19910607	3.23	11.63	0.09
19910608	11.89	9.2	0.11
19910609	1.74	10.07	0.21
19910610	12.91	12	0.45
19910611	0.99	12.33	0.53
19910612	8.63	13.17	0.43
19910613	4.63	11.93	0.49
19910614	0	12.87	0.44
19910615	1.61	11.5	0.38
19910616	3.84	13.33	0.35
19910617	1.46	13.23	0.34
19910618	20.04	10.5	0.44
19910619	0.12	12.47	0.64
19910620	0	13.47	0.5
19910621	0.05	12.67	0.43
19910622	8.11	12.53	0.43
19910623	0.71	15.2	0.51
19910624	2.2	14.03	0.52
19910625	0	15.23	0.5
19910626	9.16	12.5	0.47
19910627	7.36	13.67	0.58
19910628	13.82	11.83	0.64
19910629	0.89	12.77	0.86
19910630	2.2	13.53	0.75
19910701	0.36	13.67	0.68
19910702	0	17.77	0.63
19910703	0	19.27	0.58
19910704	0	20.77	0.57
19910705	0	21.7	0.56
19910706	0	23.07	0.52
19910707	0	23.8	0.53
19910708	0	22.07	0.56
19910709	0.07	21.23	0.53
19910710	3.9	17.23	0.5
19910711	0	15.87	0.45
19910712	0	17.77	0.43
19910713	1.36	16.8	0.43
19910714	2.6	16.07	0.39
19910715	1.24	16.57	0.25
19910716	26.88	16.13	0.28
19910717	7.65	15.47	0.3
19910718	4.17	16.2	0.3
19910719	7.78	14.83	0.28
19910720	4.68	15.8	0.31
19910721	3.66	15.83	0.33
19910722	0.22	15.57	0.34
19910723	0	16.63	0.3
19910724	0	17.27	0.27
19910725	0	16.43	0.26
19910726	0	16.17	0.25
19910727	0	17.7	0.24
19910728	0	17.9	0.21
19910729	0	19.23	0.22
19910730	0	20.4	0.18
19910731	0	19.53	0.21
19910801	0.19	19.37	0.19
19910802	2.25	19.3	0.14
19910803	0	20.63	0.11
19910804	0	21.33	0.09
19910805	0	20.17	0.08
19910806	2.33	17.47	0.1
19910807	0.07	18.5	0.12
19910808	4.1	17.73	0.11
19910809	4.13	17.23	0.12
19910810	6.62	15.47	0.11
19910811	2.93	15.9	0.11
19910812	4.52	14.6	0.12
19910813	0	14.2	0.08
19910814	0.57	14.83	0.12
19910815	0	15.9	0.11
19910816	4.91	15.6	0.1
19910817	0.44	16.93	0.1
19910818	5.33	15.1	0.12
19910819	4.28	15.6	0.12
19910820	1.52	15.7	0.1
19910821	0	16.37	0.11
19910822	0	17.2	0.11
19910823	0	19	0.1
19910824	16.45	17.63	0.1
19910825	13.24	13.83	0.17
19910826	0	15.53	0.13
19910827	5.83	15.53	0.13
19910828	0	13.53	0.12
19910829	0	13.3	0.12
19910830	0	15.5	0.11
19910831	0	16	0.1
19910901	0	18.73	0.1
19910902	0	17.5	0.08
19910903	0	17.53	0.09
19910904	0	14.53	0.09
19910905	0	10.73	0.08
19910906	2.32	7.33	0.1
19910907	0	7.07	0.07
19910908	0	9.17	0.09
19910909	0	9.9	0.08
19910910	1.4	12.33	0.08
19910911	1.13	7.87	0.08
19910912	0.09	8.63	0.08
19910913	0	10.03	0.09
19910914	4.31	10.4	0.08
19910915	0.05	13.67	0.09
19910916	0.05	11.23	0.07
19910917	0.28	10.73	0.07
19910918	4.12	7.6	0.08
19910919	0	12.37	0.08
19910920	0.42	10.5	0.07
19910921	0	9.77	0.08
19910922	12.96	11.57	0.08
19910923	4.1	10.43	0.08
19910924	4.95	9.77	0.09
19910925	0	13.53	0.08
19910926	15.68	11.13	0.09
19910927	0.53	7.87	0.11
19910928	0	6.5	0.1
19910929	9.7	6.77	0.1
19910930	9.74	9.67	0.15
19911001	3.28	10.5	0.15
19911002	0.87	8.3	0.06
19911003	0.79	5.87	0.04
19911004	0	10.47	0.1
19911005	1.78	9.77	0.1
19911006	0.22	10.23	0.1
19911007	0.15	6.03	0.1
19911008	0	9.03	0.09
19911009	0.07	10.17	0.1
19911010	0.41	7.6	0.1
19911011	1.07	7.33	0.09
19911012	0	7.13	0.08
19911013	0	7.77	0.1
19911014	6.73	8.63	0.08
19911015	2.86	8.13	0.1
19911016	3.7	9.17	0.13
19911017	5.86	10.43	0.14
19911018	3.12	6.3	0.17
19911019	0.28	4.37	0.15
19911020	0	-1.17	0.12
19911021	0	-1.4	0.13
19911022	0	3.43	0.12
19911023	0	1.77	0.13
19911024	0.09	4.03	0.11
19911025	0	5.97	0.12
19911026	0	5.2	0.13
19911027	0.05	6.33	0.12
19911028	3.24	5.33	0.11
19911029	0.19	4.67	0.11
19911030	0	4.63	0.12
19911031	0	4.57	0.12
19911101	0.07	3.9	0.13
19911102	9.25	6.1	0.11
19911103	12.71	7.8	0.22
19911104	0.19	6.33	0.35
19911105	13.4	4.17	0.3
19911106	1.64	2.83	0.28
19911107	4.12	3.07	0.31
19911108	2.37	4.03	0.33
19911109	0.05	1.07	0.32
19911110	0.43	-1.3	0.27
19911111	10.55	0.97	0.35
19911112	0	3.4	0.43
19911113	8.29	4.17	0.66
19911114	0.5	3.17	0.59
19911115	0	1.87	0.44
19911116	0	-1.57	0.54
19911117	0	-4.9	0.75
19911118	0	0.1	0.71
19911119	0	-1.67	0.65
19911120	0	-4.4	0.64
19911121	1.65	-2.33	0.6
19911122	0.5	3.53	0.59
19911123	0.09	5.13	0.58
19911124	0.07	6.57	0.63
19911125	0	6.87	0.62
19911126	0.6	4.3	0.59
19911127	0	5.4	0.58
19911128	0	6.5	0.58
19911129	0	4.07	0.56
19911130	0	3.7	0.54
19911201	0	5.37	0.52
19911202	0	-0.4	0.49
19911203	0	0.73	0.37
19911204	0	0.73	0.19
19911205	0	-0.87	0.19
19911206	0.94	0.23	0.21
19911207	0.09	0	0.28
19911208	0	-0.27	0.31
19911209	0	-3.5	0.27
19911210	0	-0.53	0.28
19911211	0	1.6	0.28
19911212	0	1.07	0.3
19911213	2.22	6.4	0.28
19911214	0	1.67	0.3
19911215	2.01	-1.5	0.3
19911216	0	-3.13	0.26
19911217	6.07	1.3	0.32
19911218	0	2.87	0.33
19911219	4.7	0.8	0.38
19911220	2.25	2.27	0.39
19911221	0	-1.17	0.4
19911222	2.85	-6	0.3
19911223	0	1.93	0.33
19911224	0	-4.07	0.27
19911225	9.27	-4.53	0.26
19911226	4.22	-0.17	0.25
19911227	0	-3.67	0.22
19911228	0	-1.4	0.26
19911229	0	2.4	0.21
19911230	0	1.33	0.26
19911231	0	-3.57	0.22
